name,callsign,imonumber,flag,length,type,grosstonnage,mmsinumber,latitudedegrees,longitudedegrees,speedoverground,speedoverwater,courseoverground,courseoverwater,headingoverground,headingoverwater,timestamp,is_stopped
MTT SIBU,9M2237  ,9912191,MY,,CS,4270,533132056,1.20520291933,103.830799943,3.39533,6.53022,4.95324,283.25,5.06145483078,289.995,2023-07-31 05:55:58,False
MTT SIBU,9M2237  ,9912191,MY,,CS,4270,533132056,1.20525210158,103.830595845,3.39533,6.57203,4.96546,284.036,5.06145483078,289.995,2023-07-31 05:56:08,False
MTT SIBU,9M2237  ,9912191,MY,,CS,4270,533132056,1.20536071958,103.830183357,3.39533,6.60524,4.9707,284.486,5.06145483078,289.995,2023-07-31 05:56:18,False
MTT SIBU,9M2237  ,9912191,MY,,CS,4270,533132056,1.20541332861,103.829997525,3.39533,6.65411,4.97768,285.417,5.06145483078,289.995,2023-07-31 05:56:28,False
MTT SIBU,9M2237  ,9912191,MY,,CS,4270,533132056,1.20557006567,103.829540228,3.39533,6.58424,5.02306,287.526,5.11381470834,293.0,2023-07-31 05:56:38,False
MTT SIBU,9M2237  ,9912191,MY,,CS,4270,533132056,1.20563794033,103.8293665,3.39533,6.55286,5.04749,288.865,5.14872129338,294.999,2023-07-31 05:56:48,False
MTT SIBU,9M2237  ,9912191,MY,,CS,4270,533132056,1.20571770206,103.829143953,3.39533,6.54178,5.0632,289.619,5.14872129338,294.999,2023-07-31 05:56:58,False
MTT SIBU,9M2237  ,9912191,MY,,CS,4270,533132056,1.20588976674,103.828731737,3.39533,6.512,5.11381,292.278,5.20108117094,297.999,2023-07-31 05:57:08,False
MTT SIBU,9M2237  ,9912191,MY,,CS,4270,533132056,1.2059915812,103.828515582,3.39533,6.49849,5.11381,292.884,5.20108117094,297.999,2023-07-31 05:57:18,False
MTT SIBU,9M2237  ,9912191,MY,,CS,4270,533132056,1.20615562256,103.828149768,3.39533,6.5113,5.11381,293.58,5.20108117094,299.998,2023-07-31 05:57:28,False
MTT SIBU,9M2237  ,9912191,MY,,CS,4270,533132056,1.2062402242,103.827956508,3.39533,6.52695,5.1365,293.893,5.23598775598,299.998,2023-07-31 05:57:38,False
MTT SIBU,9M2237  ,9912191,MY,,CS,4270,533132056,1.20643906628,103.827532514,3.39533,6.60086,5.15745,294.905,5.23598775598,299.998,2023-07-31 05:57:48,False
MTT SIBU,9M2237  ,9912191,MY,,CS,4270,533132056,1.20651135249,103.827389592,3.39533,6.58217,5.15745,295.354,5.23598775598,299.998,2023-07-31 05:57:58,False
MTT SIBU,9M2237  ,9912191,MY,,CS,4270,533132056,1.2065963341,103.827227062,3.39533,6.55546,5.16268,295.653,5.23598775598,299.998,2023-07-31 05:58:08,False
MTT SIBU,9M2237  ,9912191,MY,,CS,4270,533132056,1.20681951616,103.826797187,3.44678,6.61553,5.17665,296.339,5.23598775598,299.998,2023-07-31 05:58:18,False
MTT SIBU,9M2237  ,9912191,MY,,CS,4270,533132056,1.2069171003,103.82660546,3.44678,6.61553,5.17665,296.339,5.23598775598,299.998,2023-07-31 05:58:28,False
MTT SIBU,9M2237  ,9912191,MY,,CS,4270,533132056,1.20713323038,103.826201924,3.44678,6.62426,5.18363,296.866,5.23598775598,299.998,2023-07-31 05:58:38,False
MTT SIBU,9M2237  ,9912191,MY,,CS,4270,533132056,1.20723302239,103.826008194,3.44678,6.64161,5.18363,296.79,5.23598775598,299.998,2023-07-31 05:58:48,False
MTT SIBU,9M2237  ,9912191,MY,,CS,4270,533132056,1.20730727786,103.825850635,3.44678,6.63307,5.18363,297.016,5.23598775598,299.998,2023-07-31 05:58:58,False
MTT SIBU,9M2237  ,9912191,MY,,CS,4270,533132056,1.20755131118,103.825404983,3.49822,6.81577,5.18712,297.15,5.23598775598,299.998,2023-07-31 05:59:08,False
MTT SIBU,9M2237  ,9912191,MY,,CS,4270,533132056,1.20766144494,103.825201386,3.49822,6.86882,5.18712,297.653,5.23598775598,299.998,2023-07-31 05:59:18,False
MTT SIBU,9M2237  ,9912191,MY,,CS,4270,533132056,1.20778069716,103.824970369,3.60111,6.94616,5.18537,297.139,5.21853446346,298.998,2023-07-31 05:59:28,False
MTT SIBU,9M2237  ,9912191,MY,,CS,4270,533132056,1.20800062427,103.82452942,3.65256,7.05902,5.16792,296.142,5.20108117094,297.999,2023-07-31 05:59:38,False
MTT SIBU,9M2237  ,9912191,MY,,CS,4270,533132056,1.20816169313,103.824155815,3.704,7.12121,5.14872,295.376,5.14872129338,294.999,2023-07-31 05:59:48,False
MTT SIBU,9M2237  ,9912191,MY,,CS,4270,533132056,1.20827702388,103.823913055,3.704,7.1129,5.14872,295.234,5.14872129338,294.999,2023-07-31 05:59:58,False
MTT SIBU,9M2237  ,9912191,MY,,CS,4270,533132056,1.20837745581,103.823699024,3.704,7.12956,5.1557,295.517,5.14872129338,294.999,2023-07-31 06:00:08,False
MTT SIBU,9M2237  ,9912191,MY,,CS,4270,533132056,1.20857292779,103.823262437,3.75544,7.24741,5.12603,294.228,5.13126800086,294.0,2023-07-31 06:00:18,False
MTT SIBU,9M2237  ,9912191,MY,,CS,4270,533132056,1.20867270174,103.823050687,3.75544,7.24932,5.12603,293.884,5.13126800086,294.0,2023-07-31 06:00:28,False
MTT SIBU,9M2237  ,9912191,MY,,CS,4270,533132056,1.20888343449,103.822585805,3.80689,7.34405,5.13301,294.055,5.14872129338,294.999,2023-07-31 06:00:38,False
MTT SIBU,9M2237  ,9912191,MY,,CS,4270,533132056,1.20898249735,103.822366372,3.80689,7.352,5.13301,294.193,5.14872129338,294.999,2023-07-31 06:00:48,False
MTT SIBU,9M2237  ,9912191,MY,,CS,4270,533132056,1.20914653314,103.821971983,3.85833,7.45302,5.11905,293.356,5.14872129338,294.999,2023-07-31 06:00:58,False
MTT SIBU,9M2237  ,9912191,MY,,CS,4270,533132056,1.20924020866,103.821757058,3.85833,7.47086,5.11905,293.296,5.14872129338,294.999,2023-07-31 06:01:08,False
MTT SIBU,9M2237  ,9912191,MY,,CS,4270,533132056,1.20932336551,103.821532271,3.85833,7.47943,5.09985,292.299,5.13126800086,294.0,2023-07-31 06:01:18,False
MTT SIBU,9M2237  ,9912191,MY,,CS,4270,533132056,1.20952043923,103.821015897,3.85833,7.47926,5.08414,291.497,5.14872129338,294.999,2023-07-31 06:01:28,False
MTT SIBU,9M2237  ,9912191,MY,,CS,4270,533132056,1.2096101491,103.820787225,3.85833,7.49735,5.08414,291.443,5.14872129338,294.999,2023-07-31 06:01:38,False
MTT SIBU,9M2237  ,9912191,MY,,CS,4270,533132056,1.20969323515,103.820556815,3.85833,7.48054,5.08414,290.695,5.14872129338,294.999,2023-07-31 06:01:48,False
MTT SIBU,9M2237  ,9912191,MY,,CS,4270,533132056,1.20985999008,103.820093934,3.85833,7.47167,5.08414,290.085,5.14872129338,294.999,2023-07-31 06:01:58,False
MTT SIBU,9M2237  ,9912191,MY,,CS,4270,533132056,1.20994346468,103.819864597,3.85833,7.48993,5.06145,290.034,5.14872129338,294.999,2023-07-31 06:02:08,False
MTT SIBU,9M2237  ,9912191,MY,,CS,4270,533132056,1.21010099516,103.819435228,3.85833,7.49661,5.06495,290.173,5.14872129338,294.999,2023-07-31 06:02:18,False
MTT SIBU,9M2237  ,9912191,MY,,CS,4270,533132056,1.21020524996,103.819143429,3.85833,7.49661,5.06495,290.173,5.14872129338,294.999,2023-07-31 06:02:28,False
MTT SIBU,9M2237  ,9912191,MY,,CS,4270,533132056,1.21028717892,103.818913096,3.85833,7.48993,5.0632,290.034,5.14872129338,294.999,2023-07-31 06:02:38,False
MTT SIBU,9M2237  ,9912191,MY,,CS,4270,533132056,1.21045755458,103.818452632,3.85833,7.5082,5.05971,289.983,5.14872129338,294.999,2023-07-31 06:02:48,False
MTT SIBU,9M2237  ,9912191,MY,,CS,4270,533132056,1.21053595968,103.818225684,3.85833,7.50158,5.05971,289.844,5.14872129338,294.999,2023-07-31 06:02:58,False
MTT SIBU,9M2237  ,9912191,MY,,CS,4270,533132056,1.21070754079,103.817769495,3.85833,7.44868,5.06844,290.469,5.14872129338,294.999,2023-07-31 06:03:08,False
MTT SIBU,9M2237  ,9912191,MY,,CS,4270,533132056,1.2107936868,103.817542187,3.85833,7.44868,5.07018,290.469,5.14872129338,294.999,2023-07-31 06:03:18,False
MTT SIBU,9M2237  ,9912191,MY,,CS,4270,533132056,1.21098315106,103.81701155,3.85833,7.56303,5.06145,289.832,5.14872129338,294.999,2023-07-31 06:03:28,False
MTT SIBU,9M2237  ,9912191,MY,,CS,4270,533132056,1.21106481492,103.816783838,3.85833,7.54475,5.05971,289.882,5.14872129338,294.999,2023-07-31 06:03:38,False
MTT SIBU,9M2237  ,9912191,MY,,CS,4270,533132056,1.21114877053,103.816552084,3.85833,7.495,5.05622,289.704,5.14872129338,294.999,2023-07-31 06:03:48,False
MTT SIBU,9M2237  ,9912191,MY,,CS,4270,533132056,1.21132043491,103.816068136,3.85833,7.39039,5.05447,289.674,5.14872129338,294.999,2023-07-31 06:03:58,False
MTT SIBU,9M2237  ,9912191,MY,,CS,4270,533132056,1.21136549233,103.815919876,3.85833,7.44401,5.04051,288.577,5.13126800086,294.0,2023-07-31 06:04:08,False
MTT SIBU,9M2237  ,9912191,MY,,CS,4270,533132056,1.2115095799,103.815457113,3.85833,7.47595,5.01084,287.398,5.09636141582,291.995,2023-07-31 06:04:18,False
MTT SIBU,9M2237  ,9912191,MY,,CS,4270,533132056,1.2115831405,103.815226025,3.85833,7.47016,5.01084,287.256,5.09636141582,291.995,2023-07-31 06:04:28,False
MTT SIBU,9M2237  ,9912191,MY,,CS,4270,533132056,1.21167427081,103.814923572,3.85833,7.46054,4.99688,286.499,5.0789081233,290.995,2023-07-31 06:04:38,False
MTT SIBU,9M2237  ,9912191,MY,,CS,4270,533132056,1.21180548626,103.814479284,3.85833,7.48693,4.99164,286.129,5.06145483078,289.995,2023-07-31 06:04:48,False
MTT SIBU,9M2237  ,9912191,MY,,CS,4270,533132056,1.21188012409,103.814236548,3.85833,7.48155,4.99164,285.986,5.06145483078,289.995,2023-07-31 06:04:58,False
MTT SIBU,9M2237  ,9912191,MY,,CS,4270,533132056,1.21200923235,103.81373902,3.85833,7.49288,4.97768,285.19,5.06145483078,289.995,2023-07-31 06:05:08,False
MTT SIBU,9M2237  ,9912191,MY,,CS,4270,533132056,1.21207289243,103.813504977,3.85833,7.49288,4.97768,285.19,5.06145483078,289.995,2023-07-31 06:05:18,False
MTT SIBU,9M2237  ,9912191,MY,,CS,4270,533132056,1.21212874968,103.813269513,3.85833,7.48279,4.9707,284.903,5.06145483078,289.995,2023-07-31 06:05:28,False
MTT SIBU,9M2237  ,9912191,MY,,CS,4270,533132056,1.21226652582,103.812754517,3.85833,7.47782,4.9707,284.759,5.06145483078,289.995,2023-07-31 06:05:38,False
MTT SIBU,9M2237  ,9912191,MY,,CS,4270,533132056,1.21232278915,103.812511347,3.85833,7.55766,4.9707,283.536,5.06145483078,289.995,2023-07-31 06:05:48,False
MTT SIBU,9M2237  ,9912191,MY,,CS,4270,533132056,1.21241965285,103.812032711,3.90978,7.54853,4.91659,281.889,5.00909495322,286.996,2023-07-31 06:05:58,False
MTT SIBU,9M2237  ,9912191,MY,,CS,4270,533132056,1.21247462226,103.811788716,3.90978,7.61364,4.91659,282.085,5.00909495322,286.996,2023-07-31 06:06:08,False
MTT SIBU,9M2237  ,9912191,MY,,CS,4270,533132056,1.21256046824,103.811306663,3.90978,7.63792,4.90088,279.966,4.97418836818,283.997,2023-07-31 06:06:18,False
MTT SIBU,9M2237  ,9912191,MY,,CS,4270,533132056,1.21259259005,103.811066643,3.96122,7.70569,4.85027,278.559,4.9043751981,280.997,2023-07-31 06:06:28,False
MTT SIBU,9M2237  ,9912191,MY,,CS,4270,533132056,1.21261577857,103.810824982,3.96122,7.66991,4.81536,276.549,4.86946861306,278.998,2023-07-31 06:06:38,False
MTT SIBU,9M2237  ,9912191,MY,,CS,4270,533132056,1.21264342723,103.810294753,3.96122,7.71295,4.76126,273.612,4.8171087355,275.999,2023-07-31 06:06:48,False
MTT SIBU,9M2237  ,9912191,MY,,CS,4270,533132056,1.21265897179,103.810049442,3.96122,7.72785,4.75253,273.028,4.79965544298,274.999,2023-07-31 06:06:58,False
MTT SIBU,9M2237  ,9912191,MY,,CS,4270,533132056,1.21266632934,103.809803004,3.96122,7.72257,4.74206,272.164,4.79965544298,274.999,2023-07-31 06:07:08,False
MTT SIBU,9M2237  ,9912191,MY,,CS,4270,533132056,1.21267011604,103.809370059,3.96122,7.69961,4.73159,271.302,4.79965544298,274.999,2023-07-31 06:07:18,False
MTT SIBU,9M2237  ,9912191,MY,,CS,4270,533132056,1.21266399188,103.809119291,3.96122,7.67841,4.71762,270.435,4.79965544298,274.999,2023-07-31 06:07:28,False
MTT SIBU,9M2237  ,9912191,MY,,CS,4270,533132056,1.2126496371,103.80861546,4.01267,7.75633,4.70715,269.426,4.79965544298,274.999,2023-07-31 06:07:38,False
MTT SIBU,9M2237  ,9912191,MY,,CS,4270,533132056,1.2126447311,103.808329791,4.01267,7.75633,4.69843,269.426,4.79965544298,274.999,2023-07-31 06:07:48,False
MTT SIBU,9M2237  ,9912191,MY,,CS,4270,533132056,1.21263796593,103.808039704,4.06411,7.83456,4.69668,269.147,4.79965544298,274.999,2023-07-31 06:07:58,False
MTT SIBU,9M2237  ,9912191,MY,,CS,4270,533132056,1.21262926349,103.807553164,4.06411,7.85323,4.70715,269.716,4.83456202802,276.998,2023-07-31 06:08:08,False
MTT SIBU,9M2237  ,9912191,MY,,CS,4270,533132056,1.21263280059,103.807274466,4.06411,7.87317,4.72984,270.707,4.86946861306,278.998,2023-07-31 06:08:18,False
MTT SIBU,9M2237  ,9912191,MY,,CS,4270,533132056,1.21264751052,103.806768639,4.06411,7.87497,4.7438,271.414,4.88692190558,279.998,2023-07-31 06:08:28,False
MTT SIBU,9M2237  ,9912191,MY,,CS,4270,533132056,1.21266289115,103.806509657,4.06411,7.87603,4.74904,271.697,4.9043751981,280.997,2023-07-31 06:08:38,False
MTT SIBU,9M2237  ,9912191,MY,,CS,4270,533132056,1.21267182018,103.806249057,4.11556,7.95498,4.75602,271.96,4.9043751981,280.997,2023-07-31 06:08:48,False
MTT SIBU,9M2237  ,9912191,MY,,CS,4270,533132056,1.21273807487,103.805669918,4.11556,7.96521,4.8206,275.321,4.95673507566,283.997,2023-07-31 06:08:58,False
MTT SIBU,9M2237  ,9912191,MY,,CS,4270,533132056,1.21276479147,103.805447166,4.11556,7.89546,4.8206,275.935,4.95673507566,283.997,2023-07-31 06:09:08,False
MTT SIBU,9M2237  ,9912191,MY,,CS,4270,533132056,1.21285730336,103.804912948,4.06411,7.8812,4.91136,280.229,5.02654824574,287.996,2023-07-31 06:09:18,False
MTT SIBU,9M2237  ,9912191,MY,,CS,4270,533132056,1.21291398101,103.80466625,4.06411,7.87996,4.91136,280.95,5.02654824574,287.996,2023-07-31 06:09:28,False
MTT SIBU,9M2237  ,9912191,MY,,CS,4270,533132056,1.21306351474,103.804143257,4.06411,7.86856,4.97419,283.865,5.06145483078,289.995,2023-07-31 06:09:38,False
MTT SIBU,9M2237  ,9912191,MY,,CS,4270,533132056,1.21313368756,103.803921207,4.06411,7.87151,5.00386,285.615,5.0789081233,290.995,2023-07-31 06:09:48,False
MTT SIBU,9M2237  ,9912191,MY,,CS,4270,533132056,1.2132405903,103.803638019,4.06411,7.91792,5.04051,287.723,5.11381470834,293.0,2023-07-31 06:09:58,False
MTT SIBU,9M2237  ,9912191,MY,,CS,4270,533132056,1.21342689096,103.803161229,4.06411,7.87555,5.07891,289.464,5.14872129338,294.999,2023-07-31 06:10:08,False
MTT SIBU,9M2237  ,9912191,MY,,CS,4270,533132056,1.21348616685,103.803022326,4.06411,7.88549,5.07891,290.49,5.14872129338,294.999,2023-07-31 06:10:18,False
MTT SIBU,9M2237  ,9912191,MY,,CS,4270,533132056,1.21369791589,103.802544346,4.06411,8.00177,5.09985,293.327,5.14872129338,296.999,2023-07-31 06:10:28,False
MTT SIBU,9M2237  ,9912191,MY,,CS,4270,533132056,1.2138253128,103.802282616,4.11556,7.98577,5.15396,294.444,5.20108117094,297.999,2023-07-31 06:10:38,False
MTT SIBU,9M2237  ,9912191,MY,,CS,4270,533132056,1.21393023848,103.80207825,4.11556,7.98068,5.18188,296.003,5.23598775598,299.998,2023-07-31 06:10:48,False
MTT SIBU,9M2237  ,9912191,MY,,CS,4270,533132056,1.21420810935,103.801552522,4.11556,7.97199,5.19585,297.127,5.23598775598,299.998,2023-07-31 06:10:58,False
MTT SIBU,9M2237  ,9912191,MY,,CS,4270,533132056,1.2143310291,103.801324359,4.11556,7.98087,5.19585,297.252,5.23598775598,299.998,2023-07-31 06:11:08,False
MTT SIBU,9M2237  ,9912191,MY,,CS,4270,533132056,1.21459421418,103.800878562,4.167,8.05289,5.23773,299.659,5.27089434102,301.998,2023-07-31 06:11:18,False
MTT SIBU,9M2237  ,9912191,MY,,CS,4270,533132056,1.21475575873,103.800620978,4.167,8.09753,5.25693,300.751,5.28834763354,302.997,2023-07-31 06:11:28,False
MTT SIBU,9M2237  ,9912191,MY,,CS,4270,533132056,1.21489872207,103.800400536,4.167,8.10809,5.27438,301.67,5.30580092606,303.997,2023-07-31 06:11:38,False
MTT SIBU,9M2237  ,9912191,MY,,CS,4270,533132056,1.2151744708,103.799993852,4.167,8.08221,5.29533,302.926,5.32325421858,304.997,2023-07-31 06:11:48,False
MTT SIBU,9M2237  ,9912191,MY,,CS,4270,533132056,1.21536130527,103.799761344,4.167,8.09447,5.33198,305.026,5.35816080362,306.996,2023-07-31 06:11:58,False
MTT SIBU,9M2237  ,9912191,MY,,CS,4270,533132056,1.21555428219,103.799530543,4.167,8.11385,5.37736,307.309,5.39306738866,308.996,2023-07-31 06:12:08,False
MTT SIBU,9M2237  ,9912191,MY,,CS,4270,533132056,1.21588517587,103.79912474,4.167,8.11517,5.38609,307.995,5.41052068118,309.996,2023-07-31 06:12:18,False
MTT SIBU,9M2237  ,9912191,MY,,CS,4270,533132056,1.21623254974,103.798736441,4.21844,8.17086,5.41576,309.788,5.41052068118,309.996,2023-07-31 06:12:28,False
MTT SIBU,9M2237  ,9912191,MY,,CS,4270,533132056,1.21641627157,103.798537421,4.21844,8.18125,5.44368,311.34,5.44542726622,311.995,2023-07-31 06:12:38,False
MTT SIBU,9M2237  ,9912191,MY,,CS,4270,533132056,1.21660053669,103.798347001,4.167,8.08508,5.48208,313.441,5.48033385126,313.995,2023-07-31 06:12:48,False
MTT SIBU,9M2237  ,9912191,MY,,CS,4270,533132056,1.21696218688,103.797959377,4.167,8.11126,5.48557,313.835,5.48033385126,313.995,2023-07-31 06:12:58,False
MTT SIBU,9M2237  ,9912191,MY,,CS,4270,533132056,1.21717446556,103.797741886,4.167,8.12474,5.48557,313.934,5.48033385126,313.995,2023-07-31 06:13:08,False
MTT SIBU,9M2237  ,9912191,MY,,CS,4270,533132056,1.21731776577,103.797599832,4.167,8.12362,5.51524,315.485,5.49778714378,315.0,2023-07-31 06:13:18,False
MTT SIBU,9M2237  ,9912191,MY,,CS,4270,533132056,1.21773230898,103.79721953,4.167,8.10565,5.55713,317.819,5.55014702134,317.999,2023-07-31 06:13:28,False
MTT SIBU,9M2237  ,9912191,MY,,CS,4270,533132056,1.21793412741,103.797050852,4.21844,8.18125,5.57284,318.66,5.56760031386,318.999,2023-07-31 06:13:38,False
MTT SIBU,9M2237  ,9912191,MY,,CS,4270,533132056,1.21836623255,103.796680947,4.21844,8.17222,5.57807,319.147,5.56760031386,318.999,2023-07-31 06:13:48,False
MTT SIBU,9M2237  ,9912191,MY,,CS,4270,533132056,1.21857050609,103.79650883,4.21844,8.17425,5.57807,319.34,5.56760031386,318.999,2023-07-31 06:13:58,False
MTT SIBU,9M2237  ,9912191,MY,,CS,4270,533132056,1.21901099286,103.796161225,4.21844,8.17231,5.57807,321.276,5.56760031386,320.999,2023-07-31 06:14:08,False
MTT SIBU,9M2237  ,9912191,MY,,CS,4270,533132056,1.21922165623,103.795995951,4.21844,8.17231,5.57807,321.276,5.56760031386,320.999,2023-07-31 06:14:18,False
MTT SIBU,9M2237  ,9912191,MY,,CS,4270,533132056,1.21944169032,103.79584649,4.21844,8.0966,5.57807,321.727,5.56760031386,320.999,2023-07-31 06:14:28,False
MTT SIBU,9M2237  ,9912191,MY,,CS,4270,533132056,1.21986491588,103.795519606,4.21844,8.16975,5.61996,321.958,5.58505360638,319.999,2023-07-31 06:14:38,False
MTT SIBU,9M2237  ,9912191,MY,,CS,4270,533132056,1.22007447119,103.795372044,4.167,8.07484,5.63567,322.827,5.6025068989,320.999,2023-07-31 06:14:48,False
MTT SIBU,9M2237  ,9912191,MY,,CS,4270,533132056,1.22050071318,103.795068277,4.167,8.09417,5.63916,323.103,5.58505360638,319.999,2023-07-31 06:14:58,False
MTT SIBU,9M2237  ,9912191,MY,,CS,4270,533132056,1.2207120876,103.794912085,4.167,8.09417,5.63916,323.103,5.58505360638,319.999,2023-07-31 06:15:08,False
MTT SIBU,9M2237  ,9912191,MY,,CS,4270,533132056,1.22095429751,103.794739124,4.167,8.08649,5.64439,323.406,5.58505360638,319.999,2023-07-31 06:15:18,False
MTT SIBU,9M2237  ,9912191,MY,,CS,4270,533132056,1.22138334345,103.794434049,4.167,8.09471,5.64963,323.791,5.58505360638,319.999,2023-07-31 06:15:28,False
MTT SIBU,9M2237  ,9912191,MY,,CS,4270,533132056,1.22159529625,103.794274778,4.167,8.09809,5.6409,323.295,5.58505360638,319.999,2023-07-31 06:15:38,False
MTT SIBU,9M2237  ,9912191,MY,,CS,4270,533132056,1.22201823914,103.7939559,4.21844,8.18368,5.6409,323.402,5.58505360638,319.999,2023-07-31 06:15:48,False
MTT SIBU,9M2237  ,9912191,MY,,CS,4270,533132056,1.22223335807,103.793797045,4.21844,8.19528,5.6409,323.293,5.58505360638,319.999,2023-07-31 06:15:58,False
MTT SIBU,9M2237  ,9912191,MY,,CS,4270,533132056,1.22244134534,103.793635215,4.167,8.09417,5.63741,323.103,5.58505360638,319.999,2023-07-31 06:16:08,False
MTT SIBU,9M2237  ,9912191,MY,,CS,4270,533132056,1.22291509599,103.793276053,4.167,8.05936,5.63043,322.743,5.56760031386,318.999,2023-07-31 06:16:18,False
MTT SIBU,9M2237  ,9912191,MY,,CS,4270,533132056,1.22307109196,103.793155693,4.167,8.0866,5.63043,322.717,5.58505360638,319.999,2023-07-31 06:16:28,False
MTT SIBU,9M2237  ,9912191,MY,,CS,4270,533132056,1.22348479221,103.792831064,4.167,7.99762,5.62345,322.406,5.58505360638,319.999,2023-07-31 06:16:38,False
MTT SIBU,9M2237  ,9912191,MY,,CS,4270,533132056,1.22369938085,103.792657603,4.167,8.0794,5.62345,322.331,5.58505360638,319.999,2023-07-31 06:16:48,False
MTT SIBU,9M2237  ,9912191,MY,,CS,4270,533132056,1.22390447559,103.792492548,4.11556,7.99412,5.62171,322.211,5.58505360638,319.999,2023-07-31 06:16:58,False
MTT SIBU,9M2237  ,9912191,MY,,CS,4270,533132056,1.22432673351,103.792161206,4.167,8.11857,5.62345,322.197,5.58505360638,319.999,2023-07-31 06:17:08,False
MTT SIBU,9M2237  ,9912191,MY,,CS,4270,533132056,1.22453126746,103.791998775,4.167,8.0966,5.61647,321.727,5.58505360638,319.999,2023-07-31 06:17:18,False
MTT SIBU,9M2237  ,9912191,MY,,CS,4270,533132056,1.22497359508,103.791656377,4.167,8.0693,5.61647,321.75,5.58505360638,319.999,2023-07-31 06:17:28,False
MTT SIBU,9M2237  ,9912191,MY,,CS,4270,533132056,1.22520853177,103.791479844,4.167,8.0693,5.61647,321.75,5.58505360638,319.999,2023-07-31 06:17:38,False
MTT SIBU,9M2237  ,9912191,MY,,CS,4270,533132056,1.22541790553,103.791322037,4.167,8.07517,5.61647,321.254,5.58505360638,319.999,2023-07-31 06:17:48,False
MTT SIBU,9M2237  ,9912191,MY,,CS,4270,533132056,1.2258361582,103.790994367,4.167,8.07222,5.60251,321.06,5.56760031386,318.999,2023-07-31 06:17:58,False
MTT SIBU,9M2237  ,9912191,MY,,CS,4270,533132056,1.22603593604,103.790824513,4.167,8.06136,5.5868,320.283,5.58505360638,319.999,2023-07-31 06:18:08,False
MTT SIBU,9M2237  ,9912191,MY,,CS,4270,533132056,1.22648600874,103.790476392,4.21844,8.16017,5.60949,321.383,5.61996019142,321.998,2023-07-31 06:18:18,False
MTT SIBU,9M2237  ,9912191,MY,,CS,4270,533132056,1.22672449122,103.790297903,4.21844,8.16975,5.62171,321.958,5.63741348394,322.998,2023-07-31 06:18:28,False
MTT SIBU,9M2237  ,9912191,MY,,CS,4270,533132056,1.22690593522,103.790163318,4.21844,8.17659,5.63043,322.34,5.65486677646,323.998,2023-07-31 06:18:38,False
MTT SIBU,9M2237  ,9912191,MY,,CS,4270,533132056,1.22732804301,103.789847265,4.21844,8.18014,5.63218,322.531,5.65486677646,323.998,2023-07-31 06:18:48,False
MTT SIBU,9M2237  ,9912191,MY,,CS,4270,533132056,1.22754026031,103.789682355,4.21844,8.19558,5.63218,322.614,5.65486677646,323.998,2023-07-31 06:18:58,False
MTT SIBU,9M2237  ,9912191,MY,,CS,4270,533132056,1.22797993355,103.789335301,4.167,8.18014,5.63218,322.531,5.67232006898,324.998,2023-07-31 06:19:08,False
MTT SIBU,9M2237  ,9912191,MY,,CS,4270,533132056,1.22818864481,103.78917809,4.167,8.11021,5.63218,322.498,5.67232006898,324.998,2023-07-31 06:19:18,False
MTT SIBU,9M2237  ,9912191,MY,,CS,4270,533132056,1.22858745517,103.788892301,4.11556,8.0321,5.63741,323.463,5.67232006898,324.998,2023-07-31 06:19:28,False
MTT SIBU,9M2237  ,9912191,MY,,CS,4270,533132056,1.22879346401,103.788739658,4.11556,8.0009,5.63741,323.297,5.67232006898,324.998,2023-07-31 06:19:38,False
MTT SIBU,9M2237  ,9912191,MY,,CS,4270,533132056,1.22899042919,103.788587001,4.06411,7.87257,5.63916,323.13,5.67232006898,324.998,2023-07-31 06:19:48,False
MTT SIBU,9M2237  ,9912191,MY,,CS,4270,533132056,1.22939896714,103.788282298,4.06411,7.88046,5.63741,322.819,5.67232006898,324.998,2023-07-31 06:19:58,False
MTT SIBU,9M2237  ,9912191,MY,,CS,4270,533132056,1.22960158482,103.788140337,4.06411,7.78706,5.63741,323.016,5.67232006898,324.998,2023-07-31 06:20:08,False
MTT SIBU,9M2237  ,9912191,MY,,CS,4270,533132056,1.23004172439,103.787822699,4.01267,7.78706,5.63916,323.016,5.67232006898,324.998,2023-07-31 06:20:18,False
MTT SIBU,9M2237  ,9912191,MY,,CS,4270,533132056,1.23024518963,103.787670411,4.01267,7.78706,5.63916,323.016,5.67232006898,324.998,2023-07-31 06:20:28,False
MTT SIBU,9M2237  ,9912191,MY,,CS,4270,533132056,1.23047353145,103.787514894,4.01267,7.68746,5.63916,324.26,5.67232006898,326.997,2023-07-31 06:20:38,False
MTT SIBU,9M2237  ,9912191,MY,,CS,4270,533132056,1.23088563829,103.787253988,4.01267,7.56965,5.63916,326.84,5.67232006898,328.997,2023-07-31 06:20:48,False
MTT SIBU,9M2237  ,9912191,MY,,CS,4270,533132056,1.23110337613,103.787127927,3.90978,7.59297,5.72468,327.653,5.7770398241,330.996,2023-07-31 06:20:58,False
MTT SIBU,9M2237  ,9912191,MY,,CS,4270,533132056,1.23152358171,103.786872234,3.85833,7.49188,5.73341,328.042,5.75958653158,329.996,2023-07-31 06:21:08,False
MTT SIBU,9M2237  ,9912191,MY,,CS,4270,533132056,1.23172983392,103.78674655,3.85833,7.4816,5.73341,328.168,5.75958653158,329.996,2023-07-31 06:21:18,False
MTT SIBU,9M2237  ,9912191,MY,,CS,4270,533132056,1.23192552362,103.786628667,3.85833,7.47413,5.74562,328.832,5.75958653158,329.996,2023-07-31 06:21:28,False
MTT SIBU,9M2237  ,9912191,MY,,CS,4270,533132056,1.23239139728,103.786351637,3.85833,7.45091,5.75261,329.421,5.75958653158,329.996,2023-07-31 06:21:38,False
MTT SIBU,9M2237  ,9912191,MY,,CS,4270,533132056,1.23259797419,103.786232473,3.85833,7.42429,5.75261,329.474,5.75958653158,329.996,2023-07-31 06:21:48,False
MTT SIBU,9M2237  ,9912191,MY,,CS,4270,533132056,1.23300719318,103.785982443,3.80689,7.34748,5.74737,329.296,5.75958653158,329.996,2023-07-31 06:21:58,False
MTT SIBU,9M2237  ,9912191,MY,,CS,4270,533132056,1.23323468723,103.785835151,3.80689,7.34074,5.74388,329.088,5.75958653158,329.996,2023-07-31 06:22:08,False
MTT SIBU,9M2237  ,9912191,MY,,CS,4270,533132056,1.23360794391,103.78559993,3.80689,7.33409,5.74388,328.88,5.75958653158,329.996,2023-07-31 06:22:18,False
MTT SIBU,9M2237  ,9912191,MY,,CS,4270,533132056,1.23381649007,103.785473491,3.75544,7.38748,5.74039,328.778,5.75958653158,329.996,2023-07-31 06:22:28,False
MTT SIBU,9M2237  ,9912191,MY,,CS,4270,533132056,1.23395741293,103.785385404,3.704,7.24744,5.73864,328.825,5.75958653158,329.996,2023-07-31 06:22:38,False
MTT SIBU,9M2237  ,9912191,MY,,CS,4270,533132056,1.23441009433,103.78511814,3.65256,7.10799,5.74388,329.789,5.75958653158,329.996,2023-07-31 06:22:48,False
MTT SIBU,9M2237  ,9912191,MY,,CS,4270,533132056,1.2345841359,103.785025892,3.60111,6.9876,5.78228,330.868,5.81194640914,332.996,2023-07-31 06:22:58,False
MTT SIBU,9M2237  ,9912191,MY,,CS,4270,533132056,1.23502449258,103.784845497,3.60111,6.86882,5.82242,334.523,5.84685299418,334.995,2023-07-31 06:23:08,False
MTT SIBU,9M2237  ,9912191,MY,,CS,4270,533132056,1.23523600943,103.784762826,3.54967,6.88225,5.87478,335.824,5.91666616426,339.0,2023-07-31 06:23:18,False
MTT SIBU,9M2237  ,9912191,MY,,CS,4270,533132056,1.23545032612,103.784688741,3.49822,6.85585,5.89747,337.143,5.93411945678,339.999,2023-07-31 06:23:28,False
MTT SIBU,9M2237  ,9912191,MY,,CS,4270,533132056,1.2358627377,103.784531941,3.49822,6.81503,5.92888,338.411,5.9515727493,340.999,2023-07-31 06:23:38,False
MTT SIBU,9M2237  ,9912191,MY,,CS,4270,533132056,1.23609320512,103.784449327,3.49822,6.74354,5.92888,339.057,5.9515727493,340.999,2023-07-31 06:23:48,False
MTT SIBU,9M2237  ,9912191,MY,,CS,4270,533132056,1.23625428896,103.78438092,3.49822,6.73238,5.92888,338.844,5.9515727493,340.999,2023-07-31 06:23:58,False
MTT SIBU,9M2237  ,9912191,MY,,CS,4270,533132056,1.23674702094,103.784251123,3.44678,6.7126,5.95855,341.25,5.9515727493,340.999,2023-07-31 06:24:08,False
MTT SIBU,9M2237  ,9912191,MY,,CS,4270,533132056,1.2369553014,103.784186383,3.44678,6.71865,5.95855,341.617,5.9515727493,340.999,2023-07-31 06:24:18,False
MTT SIBU,9M2237  ,9912191,MY,,CS,4270,533132056,1.2373677909,103.784057723,3.44678,6.68199,5.96903,342.039,5.93411945678,339.999,2023-07-31 06:24:28,False
MTT SIBU,9M2237  ,9912191,MY,,CS,4270,533132056,1.23757633851,103.783993009,3.44678,6.67563,5.96379,341.671,5.93411945678,339.999,2023-07-31 06:24:38,False
MTT SIBU,9M2237  ,9912191,MY,,CS,4270,533132056,1.23778851152,103.783928256,3.44678,6.70049,5.97077,342.091,5.93411945678,339.999,2023-07-31 06:24:48,False
MTT SIBU,9M2237  ,9912191,MY,,CS,4270,533132056,1.23817422345,103.783804371,3.44678,6.71899,5.97077,342.142,5.93411945678,339.999,2023-07-31 06:24:58,False
MTT SIBU,9M2237  ,9912191,MY,,CS,4270,533132056,1.23844634784,103.783727564,3.44678,6.70133,5.9795,342.616,5.93411945678,339.999,2023-07-31 06:25:08,False
MTT SIBU,9M2237  ,9912191,MY,,CS,4270,533132056,1.23886308333,103.783605911,3.44678,6.68414,5.98473,343.093,5.93411945678,339.999,2023-07-31 06:25:18,False
MTT SIBU,9M2237  ,9912191,MY,,CS,4270,533132056,1.23906895284,103.783546558,3.39533,6.59846,5.98648,343.22,5.93411945678,339.999,2023-07-31 06:25:28,False
MTT SIBU,9M2237  ,9912191,MY,,CS,4270,533132056,1.23941643085,103.783449177,3.39533,6.59287,5.99346,343.382,5.93411945678,339.999,2023-07-31 06:25:38,False
MTT SIBU,9M2237  ,9912191,MY,,CS,4270,533132056,1.2396220994,103.783388601,3.39533,6.58734,5.99346,343.544,5.93411945678,339.999,2023-07-31 06:25:48,False
MTT SIBU,9M2237  ,9912191,MY,,CS,4270,533132056,1.23986123514,103.783308746,3.44678,6.67699,5.97775,342.726,5.93411945678,339.999,2023-07-31 06:25:58,False
MTT SIBU,9M2237  ,9912191,MY,,CS,4270,533132056,1.2402978856,103.783169757,3.44678,6.67124,5.98124,342.885,5.91666616426,339.0,2023-07-31 06:26:08,False
MTT SIBU,9M2237  ,9912191,MY,,CS,4270,533132056,1.24050018045,103.783109291,3.44678,6.68414,5.98124,343.093,5.91666616426,339.0,2023-07-31 06:26:18,False
MTT SIBU,9M2237  ,9912191,MY,,CS,4270,533132056,1.24093761012,103.782963677,3.44678,6.67602,5.95681,342.198,5.89921287174,338.0,2023-07-31 06:26:28,False
MTT SIBU,9M2237  ,9912191,MY,,CS,4270,533132056,1.24113595688,103.782890751,3.44678,6.67653,5.93761,340.615,5.8643062867,335.995,2023-07-31 06:26:38,False
MTT SIBU,9M2237  ,9912191,MY,,CS,4270,533132056,1.24130896347,103.782823901,3.39533,6.57505,5.91667,339.583,5.84685299418,334.995,2023-07-31 06:26:48,False
MTT SIBU,9M2237  ,9912191,MY,,CS,4270,533132056,1.24175689753,103.782643895,3.34389,6.49011,5.89223,338.199,5.81194640914,332.996,2023-07-31 06:26:58,False
MTT SIBU,9M2237  ,9912191,MY,,CS,4270,533132056,1.24195188119,103.782554512,3.29244,6.40142,5.8678,336.938,5.79449311662,331.996,2023-07-31 06:27:08,False
MTT SIBU,9M2237  ,9912191,MY,,CS,4270,533132056,1.24230167982,103.782377527,3.241,6.31223,5.82242,334.461,5.75958653158,329.996,2023-07-31 06:27:18,False
MTT SIBU,9M2237  ,9912191,MY,,CS,4270,533132056,1.24248625752,103.782287499,3.241,6.30312,5.82242,334.225,5.75958653158,329.996,2023-07-31 06:27:28,False
MTT SIBU,9M2237  ,9912191,MY,,CS,4270,533132056,1.24269530748,103.782184733,3.241,6.3116,5.82067,334.066,5.75958653158,329.996,2023-07-31 06:27:38,False
MTT SIBU,9M2237  ,9912191,MY,,CS,4270,533132056,1.24302940998,103.782008249,3.241,6.30267,5.82242,333.83,5.75958653158,329.996,2023-07-31 06:27:48,False
MTT SIBU,9M2237  ,9912191,MY,,CS,4270,533132056,1.24321317064,103.781914926,3.18956,6.2072,5.82591,333.997,5.75958653158,329.996,2023-07-31 06:27:58,False
MTT SIBU,9M2237  ,9912191,MY,,CS,4270,533132056,1.24341522147,103.78181224,3.18956,6.01566,5.82591,333.518,5.75958653158,329.996,2023-07-31 06:28:08,False
MTT SIBU,9M2237  ,9912191,MY,,CS,4270,533132056,1.24375424078,103.78162788,3.03522,5.90305,5.80497,332.76,5.75958653158,329.996,2023-07-31 06:28:18,False
MTT SIBU,9M2237  ,9912191,MY,,CS,4270,533132056,1.24407992485,103.781467694,2.93233,5.75496,5.81195,333.089,5.75958653158,329.996,2023-07-31 06:28:28,False
MTT SIBU,9M2237  ,9912191,MY,,CS,4270,533132056,1.24423879805,103.781384015,2.93233,5.76356,5.81195,333.349,5.75958653158,329.996,2023-07-31 06:28:38,False
MTT SIBU,9M2237  ,9912191,MY,,CS,4270,533132056,1.24438110122,103.781316477,2.88089,5.66817,5.81893,333.962,5.75958653158,329.996,2023-07-31 06:28:48,False
MTT SIBU,9M2237  ,9912191,MY,,CS,4270,533132056,1.24471749783,103.78114553,2.82944,5.53753,5.81718,333.525,5.75958653158,329.996,2023-07-31 06:28:58,False
MTT SIBU,9M2237  ,9912191,MY,,CS,4270,533132056,1.2448962399,103.781054453,2.82944,5.52014,5.81718,333.435,5.75958653158,329.996,2023-07-31 06:29:08,False
MTT SIBU,9M2237  ,9912191,MY,,CS,4270,533132056,1.2450513841,103.780978179,2.82944,5.41583,5.81718,333.343,5.75958653158,329.996,2023-07-31 06:29:18,False
MTT SIBU,9M2237  ,9912191,MY,,CS,4270,533132056,1.24535421182,103.780821438,2.72656,5.28568,5.80671,332.87,5.75958653158,329.996,2023-07-31 06:29:28,False
MTT SIBU,9M2237  ,9912191,MY,,CS,4270,533132056,1.24549822362,103.780743415,2.72656,5.19938,5.80671,332.381,5.75958653158,329.996,2023-07-31 06:29:38,False
MTT SIBU,9M2237  ,9912191,MY,,CS,4270,533132056,1.2458001838,103.780594115,2.52078,4.95509,5.82416,333.435,5.7770398241,330.996,2023-07-31 06:29:48,False
MTT SIBU,9M2237  ,9912191,MY,,CS,4270,533132056,1.24594346947,103.780526577,2.52078,4.93782,5.82416,333.838,5.7770398241,330.996,2023-07-31 06:29:58,False
MTT SIBU,9M2237  ,9912191,MY,,CS,4270,533132056,1.24622828592,103.780407133,2.41789,4.57399,5.83289,334.851,5.7770398241,330.996,2023-07-31 06:30:08,False
MTT SIBU,9M2237  ,9912191,MY,,CS,4270,533132056,1.2463595518,103.780344816,2.315,4.5564,5.83638,334.747,5.7770398241,330.996,2023-07-31 06:30:18,False
MTT SIBU,9M2237  ,9912191,MY,,CS,4270,533132056,1.24647776915,103.780293183,2.26356,4.44363,5.84162,334.892,5.79449311662,331.996,2023-07-31 06:30:28,False
MTT SIBU,9M2237  ,9912191,MY,,CS,4270,533132056,1.24671739207,103.780189425,2.16067,4.26163,5.8486,335.188,5.79449311662,331.996,2023-07-31 06:30:38,False
MTT SIBU,9M2237  ,9912191,MY,,CS,4270,533132056,1.24682900119,103.780140867,2.10922,4.14896,5.8486,335.356,5.79449311662,331.996,2023-07-31 06:30:48,False
MTT SIBU,9M2237  ,9912191,MY,,CS,4270,533132056,1.24693961894,103.780092095,2.00633,3.96568,5.84685,335.068,5.79449311662,331.996,2023-07-31 06:30:58,False
MTT SIBU,9M2237  ,9912191,MY,,CS,4270,533132056,1.24716192734,103.77998896,1.95489,3.84356,5.84162,334.861,5.7770398241,330.996,2023-07-31 06:31:08,False
MTT SIBU,9M2237  ,9912191,MY,,CS,4270,533132056,1.24730243107,103.779923695,1.95489,3.72985,5.84162,334.37,5.7770398241,330.996,2023-07-31 06:31:18,False
MTT SIBU,9M2237  ,9912191,MY,,CS,4270,533132056,1.24749802612,103.77983117,1.852,3.62541,5.82765,334.259,5.7770398241,330.996,2023-07-31 06:31:28,False
MTT SIBU,9M2237  ,9912191,MY,,CS,4270,533132056,1.24757414097,103.779793156,1.80056,3.52099,5.82242,334.142,5.75958653158,329.996,2023-07-31 06:31:38,False
MTT SIBU,9M2237  ,9912191,MY,,CS,4270,533132056,1.2477607321,103.779700407,1.69767,3.32079,5.81893,333.585,5.75958653158,329.996,2023-07-31 06:31:48,False
MTT SIBU,9M2237  ,9912191,MY,,CS,4270,533132056,1.24785567363,103.779652539,1.69767,3.29474,5.81893,333.737,5.75958653158,329.996,2023-07-31 06:31:58,False
MTT SIBU,9M2237  ,9912191,MY,,CS,4270,533132056,1.24795143866,103.779602994,1.64622,3.19909,5.81369,333.279,5.75958653158,329.996,2023-07-31 06:32:08,False
MTT SIBU,9M2237  ,9912191,MY,,CS,4270,533132056,1.24816969194,103.779490616,1.69767,3.3556,5.81195,333.138,5.75958653158,329.996,2023-07-31 06:32:18,False
MTT SIBU,9M2237  ,9912191,MY,,CS,4270,533132056,1.24826856567,103.779438856,1.74911,3.3556,5.8102,333.138,5.75958653158,329.996,2023-07-31 06:32:28,False
MTT SIBU,9M2237  ,9912191,MY,,CS,4270,533132056,1.24848709029,103.77931822,1.80056,3.44302,5.80322,332.422,5.75958653158,329.996,2023-07-31 06:32:38,False
MTT SIBU,9M2237  ,9912191,MY,,CS,4270,533132056,1.24857607038,103.779268518,1.80056,3.44302,5.80322,332.422,5.75958653158,329.996,2023-07-31 06:32:48,False
MTT SIBU,9M2237  ,9912191,MY,,CS,4270,533132056,1.24869588148,103.77920442,1.80056,3.54809,5.80322,331.891,5.75958653158,328.997,2023-07-31 06:32:58,False
MTT SIBU,9M2237  ,9912191,MY,,CS,4270,533132056,1.24891269743,103.779093858,1.90344,3.65138,5.80497,332.753,5.75958653158,329.996,2023-07-31 06:33:08,False
MTT SIBU,9M2237  ,9912191,MY,,CS,4270,533132056,1.24902027804,103.779040373,1.90344,3.66867,5.80846,332.892,5.75958653158,329.996,2023-07-31 06:33:18,False
MTT SIBU,9M2237  ,9912191,MY,,CS,4270,533132056,1.24914566836,103.778969396,1.90344,3.77346,5.80846,332.379,5.75958653158,329.996,2023-07-31 06:33:28,False
MTT SIBU,9M2237  ,9912191,MY,,CS,4270,533132056,1.24935784419,103.778852687,1.95489,3.74032,5.78402,331.437,5.75958653158,329.996,2023-07-31 06:33:38,False
MTT SIBU,9M2237  ,9912191,MY,,CS,4270,533132056,1.24946790634,103.778793688,1.95489,3.75741,5.78751,331.579,5.75958653158,329.996,2023-07-31 06:33:48,False
MTT SIBU,9M2237  ,9912191,MY,,CS,4270,533132056,1.24969303023,103.778666694,1.95489,3.87995,5.78751,331.252,5.75958653158,329.996,2023-07-31 06:33:58,False
MTT SIBU,9M2237  ,9912191,MY,,CS,4270,533132056,1.24979965336,103.778601404,1.95489,3.89143,5.78751,330.362,5.75958653158,329.996,2023-07-31 06:34:08,False
MTT SIBU,9M2237  ,9912191,MY,,CS,4270,533132056,1.25004675689,103.778467079,2.16067,3.98564,5.75959,330.81,5.74213323906,328.997,2023-07-31 06:34:18,False
MTT SIBU,9M2237  ,9912191,MY,,CS,4270,533132056,1.25019088765,103.778382425,2.16067,4.17112,5.75959,330.09,5.74213323906,328.997,2023-07-31 06:34:28,False
MTT SIBU,9M2237  ,9912191,MY,,CS,4270,533132056,1.25031714228,103.778308798,2.21211,4.26761,5.75959,329.931,5.74213323906,328.997,2023-07-31 06:34:38,False
MTT SIBU,9M2237  ,9912191,MY,,CS,4270,533132056,1.25054942751,103.778181124,2.36644,4.54481,5.76831,330.255,5.75958653158,329.996,2023-07-31 06:34:48,False
MTT SIBU,9M2237  ,9912191,MY,,CS,4270,533132056,1.25067875006,103.778108322,2.36644,4.54481,5.76831,330.255,5.75958653158,329.996,2023-07-31 06:34:58,False
MTT SIBU,9M2237  ,9912191,MY,,CS,4270,533132056,1.25095147585,103.777950936,2.46933,4.73776,5.75784,329.964,5.75958653158,329.996,2023-07-31 06:35:08,False
MTT SIBU,9M2237  ,9912191,MY,,CS,4270,533132056,1.25111215692,103.777857376,2.52078,4.83428,5.75784,329.826,5.75958653158,329.996,2023-07-31 06:35:18,False
MTT SIBU,9M2237  ,9912191,MY,,CS,4270,533132056,1.2512422224,103.777784003,2.62367,5.01497,5.76482,330.255,5.75958653158,329.996,2023-07-31 06:35:28,False
MTT SIBU,9M2237  ,9912191,MY,,CS,4270,533132056,1.25158024866,103.77759149,2.67511,5.13797,5.76133,330.04,5.75958653158,329.996,2023-07-31 06:35:38,False
MTT SIBU,9M2237  ,9912191,MY,,CS,4270,533132056,1.251741761,103.777498272,2.72656,5.23447,5.7561,329.912,5.75958653158,329.996,2023-07-31 06:35:48,False
MTT SIBU,9M2237  ,9912191,MY,,CS,4270,533132056,1.2520402539,103.777327364,2.82944,5.42754,5.75435,329.67,5.75958653158,329.996,2023-07-31 06:35:58,False
MTT SIBU,9M2237  ,9912191,MY,,CS,4270,533132056,1.25219469217,103.777238007,2.82944,5.42754,5.75435,329.67,5.75958653158,329.996,2023-07-31 06:36:08,False
MTT SIBU,9M2237  ,9912191,MY,,CS,4270,533132056,1.25252946055,103.77704442,2.93233,5.51165,5.76308,330.18,5.75958653158,329.996,2023-07-31 06:36:18,False
MTT SIBU,9M2237  ,9912191,MY,,CS,4270,533132056,1.25270207191,103.776944739,2.93233,5.62497,5.76308,330.157,5.75958653158,329.996,2023-07-31 06:36:28,False
MTT SIBU,9M2237  ,9912191,MY,,CS,4270,533132056,1.25289049731,103.776838578,2.93233,5.62497,5.76308,330.157,5.75958653158,329.996,2023-07-31 06:36:38,False
MTT SIBU,9M2237  ,9912191,MY,,CS,4270,533132056,1.25324062735,103.776647995,3.03522,5.84926,5.76831,330.539,5.75958653158,329.996,2023-07-31 06:36:48,False
MTT SIBU,9M2237  ,9912191,MY,,CS,4270,533132056,1.2534185741,103.776547375,3.03522,5.90961,5.76831,330.653,5.75958653158,329.996,2023-07-31 06:36:58,False
MTT SIBU,9M2237  ,9912191,MY,,CS,4270,533132056,1.25378657682,103.776342155,3.08667,5.98695,5.77704,330.855,5.7770398241,330.996,2023-07-31 06:37:08,False
MTT SIBU,9M2237  ,9912191,MY,,CS,4270,533132056,1.25395536641,103.776248726,3.08667,5.96051,5.77704,330.927,5.7770398241,330.996,2023-07-31 06:37:18,False
MTT SIBU,9M2237  ,9912191,MY,,CS,4270,533132056,1.25412807607,103.776152016,3.13811,5.99644,5.77006,330.693,5.75958653158,329.996,2023-07-31 06:37:28,False
MTT SIBU,9M2237  ,9912191,MY,,CS,4270,533132056,1.25445091439,103.77597754,3.13811,5.9818,5.76308,330.186,5.75958653158,329.996,2023-07-31 06:37:38,False
MTT SIBU,9M2237  ,9912191,MY,,CS,4270,533132056,1.25462217119,103.77587982,3.13811,6.00833,5.76308,330.117,5.75958653158,329.996,2023-07-31 06:37:48,False
MTT SIBU,9M2237  ,9912191,MY,,CS,4270,533132056,1.25497649143,103.775677202,3.13811,6.11199,5.76308,330.255,5.75958653158,329.996,2023-07-31 06:37:58,False
MTT SIBU,9M2237  ,9912191,MY,,CS,4270,533132056,1.25515072447,103.775578552,3.18956,6.11199,5.76482,330.255,5.75958653158,329.996,2023-07-31 06:38:08,False
MTT SIBU,9M2237  ,9912191,MY,,CS,4270,533132056,1.25534959405,103.77546122,3.18956,6.13137,5.75959,329.94,5.75958653158,329.996,2023-07-31 06:38:18,False
MTT SIBU,9M2237  ,9912191,MY,,CS,4270,533132056,1.25568889078,103.775270045,3.241,6.23768,5.7561,329.679,5.75958653158,329.996,2023-07-31 06:38:28,False
MTT SIBU,9M2237  ,9912191,MY,,CS,4270,533132056,1.25587053249,103.775171675,3.241,6.25447,5.7561,329.769,5.75958653158,329.996,2023-07-31 06:38:38,False
MTT SIBU,9M2237  ,9912191,MY,,CS,4270,533132056,1.25610218036,103.775037784,3.241,6.27413,5.75086,329.462,5.74213323906,328.997,2023-07-31 06:38:48,False
MTT SIBU,9M2237  ,9912191,MY,,CS,4270,533132056,1.25649025685,103.774815493,3.241,6.28105,5.75435,329.705,5.75958653158,329.996,2023-07-31 06:38:58,False
MTT SIBU,9M2237  ,9912191,MY,,CS,4270,533132056,1.25682885249,103.774623782,3.241,6.33147,5.75959,329.971,5.75958653158,329.996,2023-07-31 06:39:08,False
MTT SIBU,9M2237  ,9912191,MY,,CS,4270,533132056,1.25700818885,103.774517121,3.241,6.31067,5.74562,329.248,5.74213323906,328.997,2023-07-31 06:39:18,False
MTT SIBU,9M2237  ,9912191,MY,,CS,4270,533132056,1.25720120619,103.774396823,3.241,6.29088,5.73166,328.52,5.72467994654,327.997,2023-07-31 06:39:28,False
MTT SIBU,9M2237  ,9912191,MY,,CS,4270,533132056,1.25751244358,103.774190582,3.241,6.26018,5.70199,327.297,5.67232006898,324.998,2023-07-31 06:39:38,False
MTT SIBU,9M2237  ,9912191,MY,,CS,4270,533132056,1.25770379208,103.774064071,3.241,6.28127,5.70199,326.998,5.67232006898,324.998,2023-07-31 06:39:48,False
MTT SIBU,9M2237  ,9912191,MY,,CS,4270,533132056,1.25790392567,103.77394874,3.18956,6.20647,5.71072,327.405,5.67232006898,324.998,2023-07-31 06:39:58,False
MTT SIBU,9M2237  ,9912191,MY,,CS,4270,533132056,1.2582498925,103.773723992,3.18956,6.1784,5.71072,326.16,5.67232006898,324.998,2023-07-31 06:40:08,False
MTT SIBU,9M2237  ,9912191,MY,,CS,4270,533132056,1.25841684333,103.773611829,3.18956,6.1784,5.68803,326.16,5.67232006898,324.998,2023-07-31 06:40:18,False
MTT SIBU,9M2237  ,9912191,MY,,CS,4270,533132056,1.25873051022,103.77339791,3.18956,6.16226,5.68803,326.059,5.67232006898,324.998,2023-07-31 06:40:28,False
MTT SIBU,9M2237  ,9912191,MY,,CS,4270,533132056,1.25892611077,103.773258966,3.18956,6.15195,5.68279,325.557,5.67232006898,324.998,2023-07-31 06:40:38,False
MTT SIBU,9M2237  ,9912191,MY,,CS,4270,533132056,1.25921687434,103.773045819,3.241,6.25042,5.67232,324.877,5.67232006898,324.998,2023-07-31 06:40:48,False
MTT SIBU,9M2237  ,9912191,MY,,CS,4270,533132056,1.25939347906,103.772927145,3.241,6.38425,5.67232,325.294,5.67232006898,324.998,2023-07-31 06:40:58,False
MTT SIBU,9M2237  ,9912191,MY,,CS,4270,533132056,1.25958108423,103.772790921,3.241,6.33398,5.67232,324.115,5.67232006898,324.998,2023-07-31 06:41:08,False
MTT SIBU,9M2237  ,9912191,MY,,CS,4270,533132056,1.25989638289,103.772546826,3.29244,6.38141,5.606,321.804,5.6025068989,320.999,2023-07-31 06:41:18,False
MTT SIBU,9M2237  ,9912191,MY,,CS,4270,533132056,1.26005080217,103.772420281,3.29244,6.32359,5.606,321.615,5.6025068989,320.999,2023-07-31 06:41:28,False
MTT SIBU,9M2237  ,9912191,MY,,CS,4270,533132056,1.26035297589,103.772178704,3.241,6.20525,5.59727,320.976,5.58505360638,319.999,2023-07-31 06:41:38,False
MTT SIBU,9M2237  ,9912191,MY,,CS,4270,533132056,1.26051394259,103.772047412,3.241,6.2477,5.59727,321.062,5.58505360638,319.999,2023-07-31 06:41:48,False
MTT SIBU,9M2237  ,9912191,MY,,CS,4270,533132056,1.26071937055,103.771873641,3.241,6.36398,5.59727,320.329,5.58505360638,319.999,2023-07-31 06:41:58,False
MTT SIBU,9M2237  ,9912191,MY,,CS,4270,533132056,1.26104010855,103.771600307,3.29244,6.35911,5.58156,319.836,5.58505360638,319.999,2023-07-31 06:42:08,False
MTT SIBU,9M2237  ,9912191,MY,,CS,4270,533132056,1.26120116991,103.771460872,3.29244,6.37166,5.58156,319.702,5.58505360638,319.999,2023-07-31 06:42:18,False
MTT SIBU,9M2237  ,9912191,MY,,CS,4270,533132056,1.26153806711,103.771170568,3.29244,6.39906,5.57807,319.682,5.58505360638,319.999,2023-07-31 06:42:28,False
MTT SIBU,9M2237  ,9912191,MY,,CS,4270,533132056,1.26165279745,103.771049641,3.29244,6.42222,5.57109,319.173,5.58505360638,319.999,2023-07-31 06:42:38,False
MTT SIBU,9M2237  ,9912191,MY,,CS,4270,533132056,1.2618247219,103.770897263,3.29244,6.41846,5.55887,318.683,5.56760031386,318.999,2023-07-31 06:42:48,False
MTT SIBU,9M2237  ,9912191,MY,,CS,4270,533132056,1.26216197574,103.770593507,3.29244,6.40667,5.49953,316.229,5.49778714378,315.0,2023-07-31 06:42:58,False
MTT SIBU,9M2237  ,9912191,MY,,CS,4270,533132056,1.26230916041,103.770441042,3.29244,6.40614,5.47161,314.016,5.46288055874,312.995,2023-07-31 06:43:08,False
MTT SIBU,9M2237  ,9912191,MY,,CS,4270,533132056,1.26260949837,103.770103241,3.29244,6.40068,5.43321,311.923,5.41052068118,309.996,2023-07-31 06:43:18,False
MTT SIBU,9M2237  ,9912191,MY,,CS,4270,533132056,1.26274944059,103.769945651,3.29244,6.40222,5.43321,311.677,5.41052068118,309.996,2023-07-31 06:43:28,False
MTT SIBU,9M2237  ,9912191,MY,,CS,4270,533132056,1.26286426483,103.76981981,3.241,6.31833,5.43496,311.882,5.41052068118,309.996,2023-07-31 06:43:38,False
MTT SIBU,9M2237  ,9912191,MY,,CS,4270,533132056,1.26313051625,103.769499244,3.241,6.3273,5.41576,310.639,5.41052068118,309.996,2023-07-31 06:43:48,False
MTT SIBU,9M2237  ,9912191,MY,,CS,4270,533132056,1.26322933226,103.769375069,3.241,6.32165,5.40005,309.76,5.39306738866,308.996,2023-07-31 06:43:58,False
MTT SIBU,9M2237  ,9912191,MY,,CS,4270,533132056,1.26351531469,103.769001187,3.29244,6.39915,5.34943,306.974,5.3407075111,305.997,2023-07-31 06:44:08,False
MTT SIBU,9M2237  ,9912191,MY,,CS,4270,533132056,1.26363603872,103.768831761,3.29244,6.39265,5.34943,305.72,5.3407075111,305.997,2023-07-31 06:44:18,False
MTT SIBU,9M2237  ,9912191,MY,,CS,4270,533132056,1.26375644983,103.768664274,3.29244,6.38132,5.325,305.578,5.32325421858,304.997,2023-07-31 06:44:28,False
MTT SIBU,9M2237  ,9912191,MY,,CS,4270,533132056,1.26398173263,103.768327766,3.241,6.27115,5.31453,304.774,5.32325421858,304.997,2023-07-31 06:44:38,False
MTT SIBU,9M2237  ,9912191,MY,,CS,4270,533132056,1.26409599316,103.768156743,3.241,6.27609,5.30929,304.527,5.30580092606,303.997,2023-07-31 06:44:48,False
MTT SIBU,9M2237  ,9912191,MY,,CS,4270,533132056,1.26432205018,103.767807572,3.29244,6.37785,5.29707,303.69,5.30580092606,303.997,2023-07-31 06:44:58,False
MTT SIBU,9M2237  ,9912191,MY,,CS,4270,533132056,1.26445295418,103.767608662,3.29244,6.36709,5.29707,303.545,5.30580092606,303.997,2023-07-31 06:45:08,False
MTT SIBU,9M2237  ,9912191,MY,,CS,4270,533132056,1.26456429548,103.767428154,3.29244,6.37261,5.29358,303.302,5.32325421858,304.997,2023-07-31 06:45:18,False
MTT SIBU,9M2237  ,9912191,MY,,CS,4270,533132056,1.26478976703,103.767074955,3.29244,6.39454,5.29009,302.965,5.32325421858,304.997,2023-07-31 06:45:28,False
MTT SIBU,9M2237  ,9912191,MY,,CS,4270,533132056,1.26491017895,103.766876494,3.29244,6.40033,5.28486,302.725,5.32325421858,304.997,2023-07-31 06:45:38,False
MTT SIBU,9M2237  ,9912191,MY,,CS,4270,533132056,1.26513074398,103.766518048,3.29244,6.38984,5.27962,302.578,5.32325421858,304.997,2023-07-31 06:45:48,False
MTT SIBU,9M2237  ,9912191,MY,,CS,4270,533132056,1.26524257137,103.766342506,3.29244,6.38984,5.28137,302.578,5.32325421858,304.997,2023-07-31 06:45:58,False
MTT SIBU,9M2237  ,9912191,MY,,CS,4270,533132056,1.26548433054,103.765966519,3.29244,6.40623,5.28137,302.485,5.32325421858,304.997,2023-07-31 06:46:08,False
MTT SIBU,9M2237  ,9912191,MY,,CS,4270,533132056,1.26559594926,103.765793627,3.29244,6.38984,5.28137,302.578,5.32325421858,304.997,2023-07-31 06:46:18,False
MTT SIBU,9M2237  ,9912191,MY,,CS,4270,533132056,1.26571133196,103.765617716,3.29244,6.40033,5.28486,302.725,5.32325421858,304.997,2023-07-31 06:46:28,False
MTT SIBU,9M2237  ,9912191,MY,,CS,4270,533132056,1.26594242251,103.76527008,3.29244,6.39953,5.29533,303.352,5.32325421858,304.997,2023-07-31 06:46:38,False
MTT SIBU,9M2237  ,9912191,MY,,CS,4270,533132056,1.2660583893,103.765096056,3.29244,6.39953,5.29533,303.352,5.32325421858,304.997,2023-07-31 06:46:48,False
MTT SIBU,9M2237  ,9912191,MY,,CS,4270,533132056,1.26615420499,103.764942223,3.29244,6.38398,5.2866,302.819,5.32325421858,304.997,2023-07-31 06:46:58,False
MTT SIBU,9M2237  ,9912191,MY,,CS,4270,533132056,1.26638558738,103.76459485,3.29244,6.39953,5.29533,303.352,5.32325421858,304.997,2023-07-31 06:47:08,False
MTT SIBU,9M2237  ,9912191,MY,,CS,4270,533132056,1.26651768619,103.764390588,3.29244,6.37261,5.29533,303.302,5.32325421858,304.997,2023-07-31 06:47:18,False
MTT SIBU,9M2237  ,9912191,MY,,CS,4270,533132056,1.26674779351,103.764041486,3.29244,6.36709,5.29882,303.545,5.32325421858,304.997,2023-07-31 06:47:28,False
MTT SIBU,9M2237  ,9912191,MY,,CS,4270,533132056,1.26686671881,103.76386998,3.29244,6.37785,5.29882,303.69,5.32325421858,304.997,2023-07-31 06:47:38,False
MTT SIBU,9M2237  ,9912191,MY,,CS,4270,533132056,1.26712182268,103.763517149,3.29244,6.37785,5.30056,303.69,5.32325421858,304.997,2023-07-31 06:47:48,False
MTT SIBU,9M2237  ,9912191,MY,,CS,4270,533132056,1.26723884082,103.763343993,3.29244,6.37785,5.30056,303.69,5.32325421858,304.997,2023-07-31 06:47:58,False
MTT SIBU,9M2237  ,9912191,MY,,CS,4270,533132056,1.26735480505,103.763182253,3.29244,6.38866,5.30406,303.835,5.32325421858,304.997,2023-07-31 06:48:08,False
MTT SIBU,9M2237  ,9912191,MY,,CS,4270,533132056,1.26761138063,103.762819945,3.29244,6.38922,5.31627,304.464,5.32325421858,304.997,2023-07-31 06:48:18,False
MTT SIBU,9M2237  ,9912191,MY,,CS,4270,533132056,1.26773183497,103.762649983,3.29244,6.38922,5.31453,304.464,5.32325421858,304.997,2023-07-31 06:48:28,False
MTT SIBU,9M2237  ,9912191,MY,,CS,4270,533132056,1.26796886094,103.762324696,3.29244,6.38132,5.33547,305.578,5.3407075111,305.997,2023-07-31 06:48:38,False
MTT SIBU,9M2237  ,9912191,MY,,CS,4270,533132056,1.2680905018,103.762157059,3.29244,6.38132,5.33547,305.578,5.3407075111,305.997,2023-07-31 06:48:48,False
MTT SIBU,9M2237  ,9912191,MY,,CS,4270,533132056,1.26821961226,103.761987658,3.29244,6.38132,5.33373,305.578,5.32325421858,304.997,2023-07-31 06:48:58,False
MTT SIBU,9M2237  ,9912191,MY,,CS,4270,533132056,1.26844889238,103.761647437,3.241,6.28226,5.32151,304.919,5.32325421858,304.997,2023-07-31 06:49:08,False
MTT SIBU,9M2237  ,9912191,MY,,CS,4270,533132056,1.26857022669,103.761483143,3.241,6.26835,5.33896,305.662,5.32325421858,304.997,2023-07-31 06:49:18,False
MTT SIBU,9M2237  ,9912191,MY,,CS,4270,533132056,1.26882908639,103.761123528,3.241,6.26835,5.33024,305.662,5.32325421858,304.997,2023-07-31 06:49:28,False
MTT SIBU,9M2237  ,9912191,MY,,CS,4270,533132056,1.26894794777,103.760958664,3.241,6.2797,5.33547,305.806,5.32325421858,304.997,2023-07-31 06:49:38,False
MTT SIBU,9M2237  ,9912191,MY,,CS,4270,533132056,1.26906538077,103.760802268,3.241,6.29109,5.33896,305.949,5.32325421858,304.997,2023-07-31 06:49:48,False
MTT SIBU,9M2237  ,9912191,MY,,CS,4270,533132056,1.26927388771,103.7605118,3.241,6.29548,5.33373,305.702,5.32325421858,304.997,2023-07-31 06:49:58,False
MTT SIBU,9M2237  ,9912191,MY,,CS,4270,533132056,1.26941775067,103.760326349,3.241,6.30684,5.33722,305.846,5.32325421858,304.997,2023-07-31 06:50:08,False
MTT SIBU,9M2237  ,9912191,MY,,CS,4270,533132056,1.26966322473,103.760003465,3.241,6.29833,5.34769,306.339,5.32325421858,304.997,2023-07-31 06:50:18,False
MTT SIBU,9M2237  ,9912191,MY,,CS,4270,533132056,1.26980351017,103.759815199,3.241,6.29833,5.34769,306.339,5.32325421858,304.997,2023-07-31 06:50:28,False
MTT SIBU,9M2237  ,9912191,MY,,CS,4270,533132056,1.26992816828,103.75965237,3.241,6.20476,5.34769,306.978,5.32325421858,304.997,2023-07-31 06:50:38,False
MTT SIBU,9M2237  ,9912191,MY,,CS,4270,533132056,1.27016856301,103.759332093,3.13811,6.09205,5.35991,307.089,5.32325421858,304.997,2023-07-31 06:50:48,False
MTT SIBU,9M2237  ,9912191,MY,,CS,4270,533132056,1.27030169406,103.75915583,3.13811,6.09205,5.35991,307.089,5.32325421858,304.997,2023-07-31 06:50:58,False
MTT SIBU,9M2237  ,9912191,MY,,CS,4270,533132056,1.27052970017,103.758861359,3.03522,5.88218,5.35991,307.211,5.32325421858,304.997,2023-07-31 06:51:08,False
MTT SIBU,9M2237  ,9912191,MY,,CS,4270,533132056,1.27064385526,103.758717432,2.98378,5.78499,5.36165,307.216,5.32325421858,304.997,2023-07-31 06:51:18,False
MTT SIBU,9M2237  ,9912191,MY,,CS,4270,533132056,1.27076053276,103.758569775,2.93233,5.69158,5.35816,306.948,5.32325421858,304.997,2023-07-31 06:51:28,False
MTT SIBU,9M2237  ,9912191,MY,,CS,4270,533132056,1.27099752199,103.758251919,2.88089,5.59831,5.35118,306.671,5.30580092606,303.997,2023-07-31 06:51:38,False
MTT SIBU,9M2237  ,9912191,MY,,CS,4270,533132056,1.27110581951,103.758102499,2.88089,5.58672,5.34769,306.511,5.30580092606,303.997,2023-07-31 06:51:48,False
MTT SIBU,9M2237  ,9912191,MY,,CS,4270,533132056,1.27132957103,103.757798402,2.82944,5.47799,5.34594,306.341,5.30580092606,303.997,2023-07-31 06:51:58,False
MTT SIBU,9M2237  ,9912191,MY,,CS,4270,533132056,1.27142760718,103.75767865,2.82944,5.47799,5.34594,306.341,5.30580092606,303.997,2023-07-31 06:52:08,False
MTT SIBU,9M2237  ,9912191,MY,,CS,4270,533132056,1.27162065239,103.757407951,2.72656,5.28361,5.34594,306.322,5.32325421858,304.997,2023-07-31 06:52:18,False
MTT SIBU,9M2237  ,9912191,MY,,CS,4270,533132056,1.27172248656,103.757269218,2.72656,5.29929,5.34594,306.197,5.32325421858,304.997,2023-07-31 06:52:28,False
MTT SIBU,9M2237  ,9912191,MY,,CS,4270,533132056,1.27182372596,103.757137962,2.67511,5.2021,5.3442,306.185,5.32325421858,304.997,2023-07-31 06:52:38,False
MTT SIBU,9M2237  ,9912191,MY,,CS,4270,533132056,1.27204173762,103.756849906,2.67511,5.18642,5.34594,306.312,5.32325421858,304.997,2023-07-31 06:52:48,False
MTT SIBU,9M2237  ,9912191,MY,,CS,4270,533132056,1.27214235196,103.756713262,2.67511,5.18642,5.34594,306.312,5.32325421858,304.997,2023-07-31 06:52:58,False
MTT SIBU,9M2237  ,9912191,MY,,CS,4270,533132056,1.27231582723,103.756474872,2.67511,5.10077,5.34594,306.477,5.32325421858,304.997,2023-07-31 06:53:08,False
MTT SIBU,9M2237  ,9912191,MY,,CS,4270,533132056,1.27241406765,103.756342975,2.62367,5.10077,5.34943,306.477,5.32325421858,304.997,2023-07-31 06:53:18,False
MTT SIBU,9M2237  ,9912191,MY,,CS,4270,533132056,1.27251064385,103.756211184,2.62367,5.10077,5.34943,306.477,5.32325421858,304.997,2023-07-31 06:53:28,False
MTT SIBU,9M2237  ,9912191,MY,,CS,4270,533132056,1.27270689201,103.755940327,2.62367,5.07358,5.34943,306.431,5.32325421858,304.997,2023-07-31 06:53:38,False
MTT SIBU,9M2237  ,9912191,MY,,CS,4270,533132056,1.27282335044,103.755791766,2.57222,4.97639,5.35118,306.422,5.30580092606,303.997,2023-07-31 06:53:48,False
MTT SIBU,9M2237  ,9912191,MY,,CS,4270,533132056,1.27303626111,103.755504341,2.57222,4.97639,5.35118,306.422,5.32325421858,304.997,2023-07-31 06:53:58,False
MTT SIBU,9M2237  ,9912191,MY,,CS,4270,533132056,1.27313577046,103.755372137,2.57222,4.98796,5.35118,306.602,5.32325421858,304.997,2023-07-31 06:54:08,False
MTT SIBU,9M2237  ,9912191,MY,,CS,4270,533132056,1.27322006282,103.755254588,2.57222,4.98057,5.34071,306.11,5.30580092606,303.997,2023-07-31 06:54:18,False
MTT SIBU,9M2237  ,9912191,MY,,CS,4270,533132056,1.27341678853,103.754974113,2.57222,4.9781,5.32325,305.304,5.28834763354,302.997,2023-07-31 06:54:28,False
MTT SIBU,9M2237  ,9912191,MY,,CS,4270,533132056,1.27349953792,103.754852097,2.57222,4.99398,5.32325,305.175,5.28834763354,302.997,2023-07-31 06:54:38,False
MTT SIBU,9M2237  ,9912191,MY,,CS,4270,533132056,1.27371469291,103.754537234,2.57222,4.9978,5.30406,304.061,5.2534410485,300.998,2023-07-31 06:54:48,False
MTT SIBU,9M2237  ,9912191,MY,,CS,4270,533132056,1.27380701142,103.754401143,2.57222,4.9978,5.30406,304.061,5.2534410485,300.998,2023-07-31 06:54:58,False
MTT SIBU,9M2237  ,9912191,MY,,CS,4270,533132056,1.27396433867,103.754143712,2.57222,4.99784,5.29009,303.257,5.23598775598,299.998,2023-07-31 06:55:08,False
MTT SIBU,9M2237  ,9912191,MY,,CS,4270,533132056,1.27405266146,103.754009692,2.57222,4.97092,5.29009,303.193,5.23598775598,299.998,2023-07-31 06:55:18,False
MTT SIBU,9M2237  ,9912191,MY,,CS,4270,533132056,1.27414195372,103.753866476,2.57222,4.98845,5.27438,302.266,5.21853446346,298.998,2023-07-31 06:55:28,False
MTT SIBU,9M2237  ,9912191,MY,,CS,4270,533132056,1.27428678812,103.753628131,2.52078,4.88752,5.2674,301.667,5.21853446346,298.998,2023-07-31 06:55:38,False
MTT SIBU,9M2237  ,9912191,MY,,CS,4270,533132056,1.27439796543,103.753445497,2.52078,4.98057,5.2674,301.271,5.21853446346,298.998,2023-07-31 06:55:48,False
MTT SIBU,9M2237  ,9912191,MY,,CS,4270,533132056,1.27449543343,103.753283556,2.52078,5.08385,5.2674,301.076,5.21853446346,298.998,2023-07-31 06:55:58,False
MTT SIBU,9M2237  ,9912191,MY,,CS,4270,533132056,1.27464524627,103.75303576,2.67511,5.17052,5.25344,301.001,5.21853446346,298.998,2023-07-31 06:56:08,False
MTT SIBU,9M2237  ,9912191,MY,,CS,4270,533132056,1.27474228222,103.752878592,2.67511,5.2874,5.25344,301.47,5.21853446346,299.998,2023-07-31 06:56:18,False
MTT SIBU,9M2237  ,9912191,MY,,CS,4270,533132056,1.27493577884,103.752562079,2.82944,5.46065,5.26217,301.314,5.23598775598,299.998,2023-07-31 06:56:28,False
MTT SIBU,9M2237  ,9912191,MY,,CS,4270,533132056,1.27502198213,103.752418679,2.82944,5.46065,5.26217,301.314,5.23598775598,299.998,2023-07-31 06:56:38,False
MTT SIBU,9M2237  ,9912191,MY,,CS,4270,533132056,1.27526995214,103.752007107,3.08667,5.95734,5.26042,301.252,5.23598775598,299.998,2023-07-31 06:56:48,False
MTT SIBU,9M2237  ,9912191,MY,,CS,4270,533132056,1.27537487816,103.751839365,3.08667,5.98404,5.26042,301.315,5.23598775598,299.998,2023-07-31 06:56:58,False
MTT SIBU,9M2237  ,9912191,MY,,CS,4270,533132056,1.27546554231,103.751690884,3.08667,6.08079,5.26042,301.404,5.23598775598,299.998,2023-07-31 06:57:08,False
MTT SIBU,9M2237  ,9912191,MY,,CS,4270,533132056,1.27569460715,103.751314736,3.13811,6.36739,5.26042,301.264,5.23598775598,299.998,2023-07-31 06:57:18,False
MTT SIBU,9M2237  ,9912191,MY,,CS,4270,533132056,1.27580529425,103.751135683,3.29244,6.3775,5.26042,301.413,5.23598775598,299.998,2023-07-31 06:57:28,False
MTT SIBU,9M2237  ,9912191,MY,,CS,4270,533132056,1.27603478279,103.750770425,3.39533,6.57747,5.25868,301.341,5.23598775598,299.998,2023-07-31 06:57:38,False
MTT SIBU,9M2237  ,9912191,MY,,CS,4270,533132056,1.27614632754,103.75058916,3.39533,6.56738,5.25868,301.196,5.23598775598,299.998,2023-07-31 06:57:48,False
MTT SIBU,9M2237  ,9912191,MY,,CS,4270,533132056,1.2762941406,103.750349911,3.44678,6.6641,5.25693,301.279,5.23598775598,299.998,2023-07-31 06:57:58,False
MTT SIBU,9M2237  ,9912191,MY,,CS,4270,533132056,1.27652691657,103.749969428,3.49822,6.76737,5.25519,301.133,5.23598775598,299.998,2023-07-31 06:58:08,False
MTT SIBU,9M2237  ,9912191,MY,,CS,4270,533132056,1.27662805032,103.749801195,3.54967,6.8607,5.24995,300.852,5.23598775598,299.998,2023-07-31 06:58:18,False
MTT SIBU,9M2237  ,9912191,MY,,CS,4270,533132056,1.27687581313,103.749382041,3.60111,6.96108,5.24297,300.36,5.21853446346,298.998,2023-07-31 06:58:28,False
MTT SIBU,9M2237  ,9912191,MY,,CS,4270,533132056,1.27698519072,103.749201365,3.60111,6.92756,5.24297,300.523,5.21853446346,298.998,2023-07-31 06:58:38,False
MTT SIBU,9M2237  ,9912191,MY,,CS,4270,533132056,1.27710284174,103.748974006,3.65256,7.05958,5.22726,299.53,5.21853446346,298.998,2023-07-31 06:58:48,False
MTT SIBU,9M2237  ,9912191,MY,,CS,4270,533132056,1.2773492347,103.748535206,3.704,7.1538,5.22377,299.281,5.21853446346,298.998,2023-07-31 06:58:58,False
MTT SIBU,9M2237  ,9912191,MY,,CS,4270,533132056,1.27742911576,103.748387892,3.704,7.1538,5.22377,299.281,5.21853446346,298.998,2023-07-31 06:59:08,False
MTT SIBU,9M2237  ,9912191,MY,,CS,4270,533132056,1.27765214337,103.747977952,3.704,7.17658,5.2133,298.648,5.21853446346,298.998,2023-07-31 06:59:18,False
MTT SIBU,9M2237  ,9912191,MY,,CS,4270,533132056,1.27776496864,103.747772741,3.704,7.17658,5.2133,298.648,5.21853446346,298.998,2023-07-31 06:59:28,False
MTT SIBU,9M2237  ,9912191,MY,,CS,4270,533132056,1.27787450997,103.747576489,3.704,7.17658,5.2133,298.648,5.21853446346,298.998,2023-07-31 06:59:38,False
MTT SIBU,9M2237  ,9912191,MY,,CS,4270,533132056,1.27810235263,103.747159723,3.704,7.19364,5.2133,298.573,5.23598775598,299.998,2023-07-31 06:59:48,False
MTT SIBU,9M2237  ,9912191,MY,,CS,4270,533132056,1.2782353429,103.746930863,3.704,7.20472,5.22028,299.055,5.23598775598,299.998,2023-07-31 06:59:58,False
MTT SIBU,9M2237  ,9912191,MY,,CS,4270,533132056,1.27851701248,103.746518666,3.65256,7.10568,5.3058,303.734,5.35816080362,306.996,2023-07-31 07:00:08,False
MTT SIBU,9M2237  ,9912191,MY,,CS,4270,533132056,1.27863637288,103.746363374,3.60111,7.0186,5.34245,305.759,5.41052068118,309.996,2023-07-31 07:00:18,False
MTT SIBU,9M2237  ,9912191,MY,,CS,4270,533132056,1.27881845971,103.746195014,3.44678,6.7171,5.45241,311.95,5.56760031386,318.999,2023-07-31 07:00:28,False
MTT SIBU,9M2237  ,9912191,MY,,CS,4270,533132056,1.27914112338,103.745940331,3.34389,6.40753,5.56236,319.059,5.70722665402,326.997,2023-07-31 07:00:38,False
MTT SIBU,9M2237  ,9912191,MY,,CS,4270,533132056,1.2793104192,103.745894792,2.98378,5.76798,5.78926,331.189,6.00393262686,343.998,2023-07-31 07:00:48,False
MTT SIBU,9M2237  ,9912191,MY,,CS,4270,533132056,1.27965310451,103.745754452,2.82944,5.42643,5.8835,337.017,6.16101225954,352.996,2023-07-31 07:00:58,False
MTT SIBU,9M2237  ,9912191,MY,,CS,4270,533132056,1.27981390307,103.745707053,2.778,5.33099,5.94285,340.178,6.23082542962,356.995,2023-07-31 07:01:08,False
MTT SIBU,9M2237  ,9912191,MY,,CS,4270,533132056,1.27999602511,103.745672052,2.67511,5.1506,6.0144,344.233,0.0349065850399,1.99951,2023-07-31 07:01:18,False
MTT SIBU,9M2237  ,9912191,MY,,CS,4270,533132056,1.28032798387,103.745628261,2.62367,5.05885,6.13134,350.936,0.13962634016,7.99805,2023-07-31 07:01:28,False
MTT SIBU,9M2237  ,9912191,MY,,CS,4270,533132056,1.28047134914,103.745618498,2.62367,5.06822,6.17672,353.393,0.174532925199,9.99756,2023-07-31 07:01:38,False
MTT SIBU,9M2237  ,9912191,MY,,CS,4270,533132056,1.2808240631,103.745620326,2.62367,5.07377,0.0226893,0.658543,0.296705972839,16.9958,2023-07-31 07:01:48,False
MTT SIBU,9M2237  ,9912191,MY,,CS,4270,533132056,1.28098953496,103.745632727,2.62367,5.0624,0.0698132,3.30187,0.331612557879,18.9954,2023-07-31 07:01:58,False
MTT SIBU,9M2237  ,9912191,MY,,CS,4270,533132056,1.28128343886,103.745690093,2.62367,5.07027,0.118682,11.0515,0.366519142919,24.9994,2023-07-31 07:02:08,False
MTT SIBU,9M2237  ,9912191,MY,,CS,4270,533132056,1.28144669503,103.745728336,2.62367,5.07913,0.226893,12.6002,0.453785605519,25.9991,2023-07-31 07:02:18,False
MTT SIBU,9M2237  ,9912191,MY,,CS,4270,533132056,1.28164196267,103.745792691,2.67511,5.18803,0.280998,15.6505,0.506145483078,28.9984,2023-07-31 07:02:28,False
MTT SIBU,9M2237  ,9912191,MY,,CS,4270,533132056,1.2819677429,103.745918938,2.72656,5.27481,0.34383,19.3698,0.541052068118,30.9979,2023-07-31 07:02:38,False
MTT SIBU,9M2237  ,9912191,MY,,CS,4270,533132056,1.28213100993,103.74597982,2.72656,5.28783,0.34383,19.7672,0.541052068118,30.9979,2023-07-31 07:02:48,False
MTT SIBU,9M2237  ,9912191,MY,,CS,4270,533132056,1.28245427077,103.746129347,2.82944,5.50067,0.417134,23.7569,0.541052068118,30.9979,2023-07-31 07:02:58,False
MTT SIBU,9M2237  ,9912191,MY,,CS,4270,533132056,1.28261828895,103.746201793,2.82944,5.50067,0.417134,23.7569,0.541052068118,30.9979,2023-07-31 07:03:08,False
MTT SIBU,9M2237  ,9912191,MY,,CS,4270,533132056,1.28281206403,103.74629335,2.88089,5.60165,0.429351,24.6085,0.541052068118,30.9979,2023-07-31 07:03:18,False
MTT SIBU,9M2237  ,9912191,MY,,CS,4270,533132056,1.28314003853,103.746464147,3.03522,5.694,0.481711,26.5651,0.558505360638,31.9977,2023-07-31 07:03:28,False
MTT SIBU,9M2237  ,9912191,MY,,CS,4270,533132056,1.28333994345,103.746571972,3.03522,5.89472,0.481711,27.4945,0.558505360638,31.9977,2023-07-31 07:03:38,False
MTT SIBU,9M2237  ,9912191,MY,,CS,4270,533132056,1.28367156486,103.746783712,3.08667,5.99625,0.572468,32.5567,0.628318530718,35.9967,2023-07-31 07:03:48,False
MTT SIBU,9M2237  ,9912191,MY,,CS,4270,533132056,1.28383512888,103.74690005,3.13811,6.08187,0.605629,34.4519,0.680678408278,38.996,2023-07-31 07:03:58,False
MTT SIBU,9M2237  ,9912191,MY,,CS,4270,533132056,1.28399081644,103.747023514,3.13811,6.08035,0.649262,36.9432,0.733038285838,41.9952,2023-07-31 07:04:08,False
MTT SIBU,9M2237  ,9912191,MY,,CS,4270,533132056,1.28433336959,103.747298827,3.18956,6.18708,0.670206,38.2381,0.767944870878,43.9948,2023-07-31 07:04:18,False
MTT SIBU,9M2237  ,9912191,MY,,CS,4270,533132056,1.28450125394,103.747428959,3.18956,6.26949,0.670206,39.4644,0.767944870878,43.9948,2023-07-31 07:04:28,False
MTT SIBU,9M2237  ,9912191,MY,,CS,4270,533132056,1.28465895435,103.747561276,3.241,6.28514,0.71384,40.7358,0.785398163397,45.0,2023-07-31 07:04:38,False
MTT SIBU,9M2237  ,9912191,MY,,CS,4270,533132056,1.28495483727,103.747883975,3.241,6.37865,0.74002,45.9878,0.802851455917,45.9998,2023-07-31 07:04:48,False
MTT SIBU,9M2237  ,9912191,MY,,CS,4270,533132056,1.28507028182,103.748026534,3.29244,6.38363,0.832522,47.4681,0.890117918517,50.9985,2023-07-31 07:04:58,False
MTT SIBU,9M2237  ,9912191,MY,,CS,4270,533132056,1.28525106714,103.748325239,3.241,6.29211,0.977384,55.5735,1.06465084372,60.9961,2023-07-31 07:05:08,False
MTT SIBU,9M2237  ,9912191,MY,,CS,4270,533132056,1.28534729095,103.74850324,3.18956,6.19062,1.03673,59.0054,1.1344640138,64.9951,2023-07-31 07:05:18,False
MTT SIBU,9M2237  ,9912191,MY,,CS,4270,533132056,1.28551015344,103.748885095,3.08667,5.98316,1.1589,65.0168,1.27409035396,72.9987,2023-07-31 07:05:28,False
MTT SIBU,9M2237  ,9912191,MY,,CS,4270,533132056,1.28557083741,103.749034519,3.08667,5.98818,1.16413,66.2641,1.29154364648,73.9984,2023-07-31 07:05:38,False
MTT SIBU,9M2237  ,9912191,MY,,CS,4270,533132056,1.28571398991,103.749420648,3.03522,5.88731,1.19555,68.0932,1.29154364648,73.9984,2023-07-31 07:05:48,False
MTT SIBU,9M2237  ,9912191,MY,,CS,4270,533132056,1.28578360166,103.749600186,3.03522,5.891,1.19904,68.5146,1.29154364648,73.9984,2023-07-31 07:05:58,False
MTT SIBU,9M2237  ,9912191,MY,,CS,4270,533132056,1.28584842007,103.749781392,3.03522,5.90203,1.20079,68.7593,1.27409035396,72.9987,2023-07-31 07:06:08,False
MTT SIBU,9M2237  ,9912191,MY,,CS,4270,533132056,1.28598786403,103.750133606,3.03522,5.89251,1.1973,69.5324,1.23918376892,70.9991,2023-07-31 07:06:18,False
MTT SIBU,9M2237  ,9912191,MY,,CS,4270,533132056,1.28606419542,103.750338433,3.03522,5.91073,1.1973,69.5983,1.23918376892,70.9991,2023-07-31 07:06:28,False
MTT SIBU,9M2237  ,9912191,MY,,CS,4270,533132056,1.28613100323,103.75052264,3.08667,5.99527,1.22173,70.0963,1.23918376892,70.9991,2023-07-31 07:06:38,False
MTT SIBU,9M2237  ,9912191,MY,,CS,4270,533132056,1.2862763834,103.750911042,3.08667,5.99039,1.21475,69.6833,1.23918376892,70.9991,2023-07-31 07:06:48,False
MTT SIBU,9M2237  ,9912191,MY,,CS,4270,533132056,1.28634884576,103.751097925,3.13811,6.07681,1.21126,69.5941,1.2217304764,69.9994,2023-07-31 07:06:58,False
MTT SIBU,9M2237  ,9912191,MY,,CS,4270,533132056,1.28649165532,103.751473577,3.13811,6.09503,1.213,69.6578,1.2217304764,69.9994,2023-07-31 07:07:08,False
MTT SIBU,9M2237  ,9912191,MY,,CS,4270,533132056,1.28656093154,103.75165845,3.13811,6.07681,1.213,69.5941,1.2217304764,69.9994,2023-07-31 07:07:18,False
MTT SIBU,9M2237  ,9912191,MY,,CS,4270,533132056,1.28663320862,103.75185159,3.18956,6.1747,1.21649,69.7395,1.2217304764,69.9994,2023-07-31 07:07:28,False
MTT SIBU,9M2237  ,9912191,MY,,CS,4270,533132056,1.28678522402,103.752256488,3.18956,6.1747,1.21475,69.7395,1.2217304764,69.9994,2023-07-31 07:07:38,False
MTT SIBU,9M2237  ,9912191,MY,,CS,4270,533132056,1.28687299065,103.752476583,3.241,6.27473,1.20777,69.3193,1.2217304764,69.9994,2023-07-31 07:07:48,False
MTT SIBU,9M2237  ,9912191,MY,,CS,4270,533132056,1.28701513339,103.752856157,3.241,6.28611,1.21126,69.5476,1.2217304764,69.9994,2023-07-31 07:07:58,False
MTT SIBU,9M2237  ,9912191,MY,,CS,4270,533132056,1.28707694138,103.753016278,3.241,6.27473,1.21126,69.3193,1.2217304764,69.9994,2023-07-31 07:08:08,False
MTT SIBU,9M2237  ,9912191,MY,,CS,4270,533132056,1.2872133604,103.753377382,3.241,6.29292,1.21126,69.3818,1.2217304764,69.9994,2023-07-31 07:08:18,False
MTT SIBU,9M2237  ,9912191,MY,,CS,4270,533132056,1.28728561742,103.753568678,3.241,6.28611,1.21126,69.5476,1.2217304764,69.9994,2023-07-31 07:08:28,False
MTT SIBU,9M2237  ,9912191,MY,,CS,4270,533132056,1.28736831272,103.753798461,3.29244,6.37726,1.21824,69.8528,1.2217304764,69.9994,2023-07-31 07:08:38,False
MTT SIBU,9M2237  ,9912191,MY,,CS,4270,533132056,1.28750805793,103.754190347,3.29244,6.38886,1.22348,70.0765,1.23918376892,70.9991,2023-07-31 07:08:48,False
MTT SIBU,9M2237  ,9912191,MY,,CS,4270,533132056,1.2875800743,103.754383644,3.29244,6.39551,1.22348,69.9127,1.23918376892,70.9991,2023-07-31 07:08:58,False
MTT SIBU,9M2237  ,9912191,MY,,CS,4270,533132056,1.28771819478,103.7547857,3.241,6.29452,1.24617,71.4531,1.25663706144,71.9989,2023-07-31 07:09:08,False
MTT SIBU,9M2237  ,9912191,MY,,CS,4270,533132056,1.2877834725,103.754977919,3.241,6.29452,1.24617,71.4531,1.25663706144,71.9989,2023-07-31 07:09:18,False
MTT SIBU,9M2237  ,9912191,MY,,CS,4270,533132056,1.28783916116,103.755168488,3.18956,6.19025,1.26013,72.0771,1.27409035396,72.9987,2023-07-31 07:09:28,False
MTT SIBU,9M2237  ,9912191,MY,,CS,4270,533132056,1.28796156781,103.755572001,3.13811,6.08675,1.2706,72.7224,1.308996939,74.9982,2023-07-31 07:09:38,False
MTT SIBU,9M2237  ,9912191,MY,,CS,4270,533132056,1.288015876,103.755749864,3.13811,5.9999,1.2706,72.2695,1.308996939,74.9982,2023-07-31 07:09:48,False
MTT SIBU,9M2237  ,9912191,MY,,CS,4270,533132056,1.28810435975,103.756084479,3.13811,5.79151,1.2706,74.4244,1.308996939,75.9979,2023-07-31 07:09:58,False
MTT SIBU,9M2237  ,9912191,MY,,CS,4270,533132056,1.28814385597,103.756289501,2.93233,5.70117,1.35088,77.1957,1.3962634016,79.9969,2023-07-31 07:10:08,False
MTT SIBU,9M2237  ,9912191,MY,,CS,4270,533132056,1.28816673682,103.756473385,2.88089,5.58969,1.39452,79.7843,1.44862327916,82.9962,2023-07-31 07:10:18,False
MTT SIBU,9M2237  ,9912191,MY,,CS,4270,533132056,1.28819244543,103.756821884,2.72656,5.38526,1.50796,85.0303,1.57079632679,90.0,2023-07-31 07:10:28,False
MTT SIBU,9M2237  ,9912191,MY,,CS,4270,533132056,1.28819255502,103.756980357,2.72656,5.2714,1.53589,87.8867,1.62315620435,92.9993,2023-07-31 07:10:38,False
MTT SIBU,9M2237  ,9912191,MY,,CS,4270,533132056,1.28820015973,103.757358823,2.62367,5.07377,1.56032,89.3415,1.65806278939,94.9988,2023-07-31 07:10:48,False
MTT SIBU,9M2237  ,9912191,MY,,CS,4270,533132056,1.28819059427,103.75751949,2.62367,4.97628,1.56032,90.2238,1.65806278939,94.9988,2023-07-31 07:10:58,False
MTT SIBU,9M2237  ,9912191,MY,,CS,4270,533132056,1.28818579788,103.75767949,2.57222,4.97639,1.58127,90.4476,1.67551608191,95.9985,2023-07-31 07:11:08,False
MTT SIBU,9M2237  ,9912191,MY,,CS,4270,533132056,1.28818185064,103.757997067,2.52078,4.8792,1.57952,90.4565,1.67551608191,95.9985,2023-07-31 07:11:18,False
MTT SIBU,9M2237  ,9912191,MY,,CS,4270,533132056,1.28818022077,103.758106893,2.52078,4.87909,1.57778,90.2283,1.65806278939,94.9988,2023-07-31 07:11:28,False
MTT SIBU,9M2237  ,9912191,MY,,CS,4270,533132056,1.28814179645,103.758414311,2.46933,4.78521,1.67203,95.5948,1.72787595947,98.9978,2023-07-31 07:11:38,False
MTT SIBU,9M2237  ,9912191,MY,,CS,4270,533132056,1.28811274858,103.758584192,2.41789,4.69534,1.7174,98.3314,1.78023583703,101.997,2023-07-31 07:11:48,False
MTT SIBU,9M2237  ,9912191,MY,,CS,4270,533132056,1.28808330938,103.758739709,2.46933,4.7903,1.74009,99.577,1.79768912955,102.997,2023-07-31 07:11:58,False
MTT SIBU,9M2237  ,9912191,MY,,CS,4270,533132056,1.28803250496,103.759041151,2.46933,4.79358,1.74707,99.8061,1.83259571459,104.996,2023-07-31 07:12:08,False
MTT SIBU,9M2237  ,9912191,MY,,CS,4270,533132056,1.28799730162,103.759218149,2.46933,4.79358,1.74533,99.8061,1.83259571459,104.996,2023-07-31 07:12:18,False
MTT SIBU,9M2237  ,9912191,MY,,CS,4270,533132056,1.28793434961,103.759531745,2.52078,4.88033,1.75406,100.325,1.83259571459,104.996,2023-07-31 07:12:28,False
MTT SIBU,9M2237  ,9912191,MY,,CS,4270,533132056,1.28790527025,103.759687648,2.52078,4.88033,1.75406,100.325,1.83259571459,104.996,2023-07-31 07:12:38,False
MTT SIBU,9M2237  ,9912191,MY,,CS,4270,533132056,1.28779904582,103.760019664,2.57222,4.98356,1.83085,104.687,1.88495559215,107.996,2023-07-31 07:12:48,False
MTT SIBU,9M2237  ,9912191,MY,,CS,4270,533132056,1.28775759767,103.760175532,2.57222,4.98356,1.83085,104.687,1.88495559215,107.996,2023-07-31 07:12:58,False
MTT SIBU,9M2237  ,9912191,MY,,CS,4270,533132056,1.28770842566,103.760316203,2.62367,5.0945,1.85005,105.945,1.90240888467,108.995,2023-07-31 07:13:08,False
MTT SIBU,9M2237  ,9912191,MY,,CS,4270,533132056,1.28760913095,103.760686555,2.67511,5.1854,1.85703,106.329,1.91986217719,109.995,2023-07-31 07:13:18,False
MTT SIBU,9M2237  ,9912191,MY,,CS,4270,533132056,1.28756133297,103.760848066,2.67511,5.1854,1.85703,106.329,1.91986217719,109.995,2023-07-31 07:13:28,False
MTT SIBU,9M2237  ,9912191,MY,,CS,4270,533132056,1.2875154756,103.761005294,2.67511,5.1854,1.85703,106.329,1.91986217719,109.995,2023-07-31 07:13:38,False
MTT SIBU,9M2237  ,9912191,MY,,CS,4270,533132056,1.28739054277,103.761322587,2.67511,5.19501,1.91463,109.452,1.97222205475,113.0,2023-07-31 07:13:48,False
MTT SIBU,9M2237  ,9912191,MY,,CS,4270,533132056,1.28731546645,103.761499428,2.67511,5.19865,1.93732,110.807,1.98967534727,114.0,2023-07-31 07:13:58,False
MTT SIBU,9M2237  ,9912191,MY,,CS,4270,533132056,1.28719260603,103.761794897,2.62367,5.08251,1.96175,112.249,2.00712863979,114.999,2023-07-31 07:14:08,False
MTT SIBU,9M2237  ,9912191,MY,,CS,4270,533132056,1.28712833442,103.761948379,2.62367,5.08251,1.96175,112.249,2.00712863979,114.999,2023-07-31 07:14:18,False
MTT SIBU,9M2237  ,9912191,MY,,CS,4270,533132056,1.28701988615,103.762212294,2.57222,5.07943,1.97571,112.738,2.00712863979,114.999,2023-07-31 07:14:28,False
MTT SIBU,9M2237  ,9912191,MY,,CS,4270,533132056,1.28695602744,103.762367285,2.57222,4.98993,1.97571,113.169,2.00712863979,114.999,2023-07-31 07:14:38,False
MTT SIBU,9M2237  ,9912191,MY,,CS,4270,533132056,1.28689913661,103.762513335,2.57222,4.98993,1.97746,113.169,2.00712863979,114.999,2023-07-31 07:14:48,False
MTT SIBU,9M2237  ,9912191,MY,,CS,4270,533132056,1.28675818033,103.762819677,2.52078,4.88292,1.98618,113.708,2.00712863979,114.999,2023-07-31 07:14:58,False
MTT SIBU,9M2237  ,9912191,MY,,CS,4270,533132056,1.28669497693,103.762962814,2.52078,4.88292,1.98618,113.708,2.00712863979,114.999,2023-07-31 07:15:08,False
MTT SIBU,9M2237  ,9912191,MY,,CS,4270,533132056,1.28655903816,103.763238943,2.315,4.49806,1.99491,114.239,2.00712863979,114.999,2023-07-31 07:15:18,False
MTT SIBU,9M2237  ,9912191,MY,,CS,4270,533132056,1.28649971587,103.763370778,2.315,4.49806,1.99491,114.239,2.00712863979,114.999,2023-07-31 07:15:28,False
MTT SIBU,9M2237  ,9912191,MY,,CS,4270,533132056,1.28644370247,103.763479903,2.26356,4.39348,1.99666,114.297,2.02458193231,115.999,2023-07-31 07:15:38,False
MTT SIBU,9M2237  ,9912191,MY,,CS,4270,533132056,1.28633845681,103.763716818,2.10922,4.19407,1.98618,114.07,2.00712863979,114.999,2023-07-31 07:15:48,False
MTT SIBU,9M2237  ,9912191,MY,,CS,4270,533132056,1.28628667152,103.763824828,2.10922,4.09935,1.98618,113.769,2.00712863979,114.999,2023-07-31 07:15:58,False
MTT SIBU,9M2237  ,9912191,MY,,CS,4270,533132056,1.28618467754,103.764045413,1.95489,3.79548,1.98444,113.545,2.00712863979,114.999,2023-07-31 07:16:08,False
MTT SIBU,9M2237  ,9912191,MY,,CS,4270,533132056,1.28613310883,103.764160013,1.95489,3.77767,1.98444,113.663,2.00712863979,114.999,2023-07-31 07:16:18,False
MTT SIBU,9M2237  ,9912191,MY,,CS,4270,533132056,1.28602433942,103.764401797,1.852,3.58622,1.98269,113.647,2.00712863979,114.999,2023-07-31 07:16:28,False
MTT SIBU,9M2237  ,9912191,MY,,CS,4270,533132056,1.28597698315,103.764508658,1.852,3.58622,1.98269,113.647,2.00712863979,114.999,2023-07-31 07:16:38,False
MTT SIBU,9M2237  ,9912191,MY,,CS,4270,533132056,1.28593910944,103.764602287,1.852,3.58622,1.98269,113.647,2.00712863979,114.999,2023-07-31 07:16:48,False
MTT SIBU,9M2237  ,9912191,MY,,CS,4270,533132056,1.28585265272,103.764828855,1.80056,3.48404,1.96873,112.989,2.00712863979,114.999,2023-07-31 07:16:58,False
MTT SIBU,9M2237  ,9912191,MY,,CS,4270,533132056,1.28580376289,103.764964392,1.80056,3.49444,1.96873,112.571,2.00712863979,114.999,2023-07-31 07:17:08,False
MTT SIBU,9M2237  ,9912191,MY,,CS,4270,533132056,1.28573240187,103.765130879,1.80056,3.48702,1.96,112.276,2.00712863979,114.999,2023-07-31 07:17:18,False
MTT SIBU,9M2237  ,9912191,MY,,CS,4270,533132056,1.28568777452,103.765236704,1.80056,3.48702,1.96,112.276,2.00712863979,114.999,2023-07-31 07:17:28,False
MTT SIBU,9M2237  ,9912191,MY,,CS,4270,533132056,1.28564132568,103.765343942,1.80056,3.49054,1.94779,111.564,2.00712863979,114.999,2023-07-31 07:17:38,False
MTT SIBU,9M2237  ,9912191,MY,,CS,4270,533132056,1.28555288185,103.765573389,1.74911,3.40128,1.93732,110.403,2.00712863979,114.999,2023-07-31 07:17:48,False
MTT SIBU,9M2237  ,9912191,MY,,CS,4270,533132056,1.28551374771,103.765677055,1.74911,3.38307,1.92684,110.518,2.00712863979,114.999,2023-07-31 07:17:58,False
MTT SIBU,9M2237  ,9912191,MY,,CS,4270,533132056,1.28547594518,103.765787786,1.74911,3.38793,1.92684,109.787,2.00712863979,114.999,2023-07-31 07:18:08,False
MTT SIBU,9M2237  ,9912191,MY,,CS,4270,533132056,1.28540205549,103.766004289,1.74911,3.3814,1.91288,109.477,2.00712863979,114.999,2023-07-31 07:18:18,False
MTT SIBU,9M2237  ,9912191,MY,,CS,4270,533132056,1.28536460379,103.766108692,1.74911,3.3814,1.91288,109.477,2.00712863979,114.999,2023-07-31 07:18:28,False
MTT SIBU,9M2237  ,9912191,MY,,CS,4270,533132056,1.28529754696,103.766306259,1.74911,3.3814,1.91288,109.477,2.00712863979,114.999,2023-07-31 07:18:38,False
MTT SIBU,9M2237  ,9912191,MY,,CS,4270,533132056,1.28523478237,103.766438506,1.74911,3.39456,1.91288,110.095,2.00712863979,114.999,2023-07-31 07:18:48,False
MTT SIBU,9M2237  ,9912191,MY,,CS,4270,533132056,1.2851659569,103.766634177,1.69767,3.28992,1.9251,110.041,2.00712863979,114.999,2023-07-31 07:18:58,False
MTT SIBU,9M2237  ,9912191,MY,,CS,4270,533132056,1.28512858563,103.766734281,1.69767,3.28992,1.9251,110.041,2.00712863979,114.999,2023-07-31 07:19:08,False
MTT SIBU,9M2237  ,9912191,MY,,CS,4270,533132056,1.28508229984,103.766867133,1.69767,3.28527,1.93382,110.794,2.00712863979,114.999,2023-07-31 07:19:18,False
MTT SIBU,9M2237  ,9912191,MY,,CS,4270,533132056,1.28500585182,103.767072773,1.69767,3.28527,1.93732,110.794,2.00712863979,114.999,2023-07-31 07:19:28,False
MTT SIBU,9M2237  ,9912191,MY,,CS,4270,533132056,1.28497262403,103.76718317,1.69767,3.28331,1.91812,109.722,1.98967534727,114.0,2023-07-31 07:19:38,False
MTT SIBU,9M2237  ,9912191,MY,,CS,4270,533132056,1.28494121659,103.767291671,1.69767,3.28251,1.90066,108.65,1.97222205475,113.0,2023-07-31 07:19:48,False
MTT SIBU,9M2237  ,9912191,MY,,CS,4270,533132056,1.28488183904,103.767496441,1.69767,3.28878,1.88496,107.899,1.95476876223,111.995,2023-07-31 07:19:58,False
MTT SIBU,9M2237  ,9912191,MY,,CS,4270,533132056,1.28484750675,103.767590938,1.69767,3.27634,1.89194,108.327,1.93731546971,110.995,2023-07-31 07:20:08,False
MTT SIBU,9M2237  ,9912191,MY,,CS,4270,533132056,1.28476103955,103.767809398,1.69767,3.28878,1.9059,108.97,1.93731546971,110.995,2023-07-31 07:20:18,False
MTT SIBU,9M2237  ,9912191,MY,,CS,4270,533132056,1.28472503613,103.767912486,1.69767,3.28251,1.9059,108.65,1.93731546971,110.995,2023-07-31 07:20:28,False
MTT SIBU,9M2237  ,9912191,MY,,CS,4270,533132056,1.28468527256,103.768048215,1.69767,3.28699,1.83958,105.433,1.88495559215,107.996,2023-07-31 07:20:38,False
MTT SIBU,9M2237  ,9912191,MY,,CS,4270,533132056,1.28465745602,103.768148951,1.69767,3.29566,1.83958,104.692,1.88495559215,107.996,2023-07-31 07:20:48,False
MTT SIBU,9M2237  ,9912191,MY,,CS,4270,533132056,1.28463096403,103.768243421,1.69767,3.18233,1.83958,103.782,1.88495559215,107.996,2023-07-31 07:20:58,False
MTT SIBU,9M2237  ,9912191,MY,,CS,4270,533132056,1.2845820485,103.768444216,1.64622,3.19666,1.80816,103.36,1.83259571459,104.996,2023-07-31 07:21:08,False
MTT SIBU,9M2237  ,9912191,MY,,CS,4270,533132056,1.28456535563,103.768550989,1.59478,3.08459,1.78896,102.372,1.79768912955,102.997,2023-07-31 07:21:18,False
MTT SIBU,9M2237  ,9912191,MY,,CS,4270,533132056,1.28452721057,103.768759786,1.54333,2.98138,1.78024,102.043,1.78023583703,101.997,2023-07-31 07:21:28,False
MTT SIBU,9M2237  ,9912191,MY,,CS,4270,533132056,1.28450505346,103.768843445,1.54333,2.98973,1.78024,102.771,1.78023583703,101.997,2023-07-31 07:21:38,False
MTT SIBU,9M2237  ,9912191,MY,,CS,4270,533132056,1.28447558086,103.768941435,1.54333,2.89006,1.78024,104.41,1.78023583703,101.997,2023-07-31 07:21:48,False
MTT SIBU,9M2237  ,9912191,MY,,CS,4270,533132056,1.28442983158,103.769112255,1.389,2.6868,1.87274,107.255,1.85004900711,105.996,2023-07-31 07:21:58,False
MTT SIBU,9M2237  ,9912191,MY,,CS,4270,533132056,1.28441035181,103.769169344,1.23467,2.4957,1.89543,108.153,1.88495559215,107.996,2023-07-31 07:22:08,False
MTT SIBU,9M2237  ,9912191,MY,,CS,4270,533132056,1.28435435155,103.769283453,1.18322,2.08644,1.91463,111.306,1.90240888467,110.995,2023-07-31 07:22:18,False
MTT SIBU,9M2237  ,9912191,MY,,CS,4270,533132056,1.28433000795,103.769347194,1.18322,1.99299,1.91463,110.556,1.90240888467,110.995,2023-07-31 07:22:28,False
MTT SIBU,9M2237  ,9912191,MY,,CS,4270,533132056,1.28430373444,103.769405232,0.926,1.7953,1.91463,109.612,1.98967534727,114.0,2023-07-31 07:22:38,False
MTT SIBU,9M2237  ,9912191,MY,,CS,4270,533132056,1.2842702248,103.769508424,0.874556,1.69661,1.89019,108.02,2.00712863979,114.999,2023-07-31 07:22:48,False
MTT SIBU,9M2237  ,9912191,MY,,CS,4270,533132056,1.28425284019,103.769560652,0.874556,1.69661,1.89019,108.02,2.00712863979,114.999,2023-07-31 07:22:58,False
MTT SIBU,9M2237  ,9912191,MY,,CS,4270,533132056,1.28423216588,103.769651244,0.823111,1.48803,1.90939,109.855,2.07694180987,118.998,2023-07-31 07:23:08,False
MTT SIBU,9M2237  ,9912191,MY,,CS,4270,533132056,1.28421371468,103.769698128,0.771667,1.49082,1.96175,112.218,2.12930168743,121.998,2023-07-31 07:23:18,False
MTT SIBU,9M2237  ,9912191,MY,,CS,4270,533132056,1.28419348162,103.769743398,0.771667,1.49082,1.97048,112.218,2.14675497995,122.997,2023-07-31 07:23:28,False
MTT SIBU,9M2237  ,9912191,MY,,CS,4270,533132056,1.28415909729,103.769835824,0.771667,1.59265,1.95651,109.983,2.16420827247,123.997,2023-07-31 07:23:38,False
MTT SIBU,9M2237  ,9912191,MY,,CS,4270,533132056,1.28414093427,103.769884349,0.771667,1.59265,1.95651,109.983,2.16420827247,123.997,2023-07-31 07:23:48,False
MTT SIBU,9M2237  ,9912191,MY,,CS,4270,533132056,1.28410537572,103.769989612,0.823111,1.59217,1.88845,107.771,2.16420827247,123.997,2023-07-31 07:23:58,False
MTT SIBU,9M2237  ,9912191,MY,,CS,4270,533132056,1.28408910159,103.770038796,0.823111,1.59217,1.88845,107.771,2.16420827247,123.997,2023-07-31 07:24:08,False
MTT SIBU,9M2237  ,9912191,MY,,CS,4270,533132056,1.2840773924,103.770125333,0.823111,1.59217,1.88845,107.771,2.14675497995,122.997,2023-07-31 07:24:18,False
MTT SIBU,9M2237  ,9912191,MY,,CS,4270,533132056,1.28406111716,103.770174516,0.823111,1.59217,1.88845,107.771,2.14675497995,122.997,2023-07-31 07:24:28,False
MTT SIBU,9M2237  ,9912191,MY,,CS,4270,533132056,1.2840482113,103.770226762,0.823111,1.58074,1.86576,106.429,2.12930168743,121.998,2023-07-31 07:24:38,False
MTT SIBU,9M2237  ,9912191,MY,,CS,4270,533132056,1.28400652384,103.770341265,0.823111,1.59407,1.85179,105.562,2.11184839491,120.998,2023-07-31 07:24:48,False
MTT SIBU,9M2237  ,9912191,MY,,CS,4270,533132056,1.28399107874,103.770389325,0.823111,1.58897,1.83609,104.886,2.09439510239,119.998,2023-07-31 07:24:58,False
MTT SIBU,9M2237  ,9912191,MY,,CS,4270,533132056,1.28397783042,103.770469589,0.720222,1.38764,1.76976,101.31,2.05948851735,117.999,2023-07-31 07:25:08,False
MTT SIBU,9M2237  ,9912191,MY,,CS,4270,533132056,1.28396881798,103.770513998,0.720222,1.38764,1.76976,101.31,2.05948851735,117.999,2023-07-31 07:25:18,False
MTT SIBU,9M2237  ,9912191,MY,,CS,4270,533132056,1.28396242442,103.770532618,0.617333,1.18239,1.74184,99.4623,2.04203522483,116.999,2023-07-31 07:25:28,False
MTT SIBU,9M2237  ,9912191,MY,,CS,4270,533132056,1.28394373704,103.770617708,0.514444,0.994405,1.6633,94.4846,1.98967534727,114.0,2023-07-31 07:25:38,False
MTT SIBU,9M2237  ,9912191,MY,,CS,4270,533132056,1.28394072865,103.770649921,0.514444,0.994405,1.6633,94.4846,1.98967534727,114.0,2023-07-31 07:25:48,False
MTT SIBU,9M2237  ,9912191,MY,,CS,4270,533132056,1.28394146008,103.770704614,0.463,0.89438,1.6057,91.2454,1.97222205475,113.0,2023-07-31 07:25:58,True
