name,callsign,imonumber,flag,length,type,grosstonnage,mmsinumber,latitudedegrees,longitudedegrees,speedoverground,speedoverwater,courseoverground,courseoverwater,headingoverground,headingoverwater,timestamp,is_stopped
PSA SUSTAINABILITY,9V2422  ,9182631,SG,,CS,19131,563750000,1.26454117065,103.780307622,0.668778,1.28705,5.15745,295.017,1.01229096616,57.9968,2023-07-13 07:30:18,False
PSA SUSTAINABILITY,9V2422  ,9182631,SG,,CS,19131,563750000,1.26455771338,103.780262497,0.668778,1.28661,5.18537,296.952,1.0471975512,59.9963,2023-07-13 07:30:28,False
PSA SUSTAINABILITY,9V2422  ,9182631,SG,,CS,19131,563750000,1.26456924494,103.780211669,0.668778,1.28146,5.10334,292.286,1.06465084372,60.9961,2023-07-13 07:30:38,False
PSA SUSTAINABILITY,9V2422  ,9182631,SG,,CS,19131,563750000,1.26461126076,103.780106678,0.771667,1.48357,5.09113,291.523,1.11701072128,63.9954,2023-07-13 07:30:48,False
PSA SUSTAINABILITY,9V2422  ,9182631,SG,,CS,19131,563750000,1.2646511068,103.779978084,0.823111,1.59265,5.06669,289.983,1.18682389136,67.9999,2023-07-13 07:31:00,False
PSA SUSTAINABILITY,9V2422  ,9182631,SG,,CS,19131,563750000,1.26467055381,103.779914339,0.874556,1.68432,5.04575,288.853,1.20427718388,68.9996,2023-07-13 07:31:08,False
PSA SUSTAINABILITY,9V2422  ,9182631,SG,,CS,19131,563750000,1.26469393407,103.779844654,0.926,1.78887,5.05098,289.026,1.23918376892,70.9991,2023-07-13 07:31:18,False
PSA SUSTAINABILITY,9V2422  ,9182631,SG,,CS,19131,563750000,1.26472507006,103.779764268,0.926,1.88162,5.05098,289.933,1.23918376892,70.9991,2023-07-13 07:31:28,False
PSA SUSTAINABILITY,9V2422  ,9182631,SG,,CS,19131,563750000,1.26478642683,103.779628671,0.977444,1.99299,5.06495,290.556,1.32645023152,75.9979,2023-07-13 07:31:38,False
PSA SUSTAINABILITY,9V2422  ,9182631,SG,,CS,19131,563750000,1.26481403107,103.779582642,0.977444,2.07946,5.06495,290.807,1.32645023152,75.9979,2023-07-13 07:31:48,False
PSA SUSTAINABILITY,9V2422  ,9182631,SG,,CS,19131,563750000,1.264890298,103.77943995,1.13178,2.19276,5.15396,294.066,1.4835298642,84.9957,2023-07-13 07:32:00,False
PSA SUSTAINABILITY,9V2422  ,9182631,SG,,CS,19131,563750000,1.26494439972,103.779352043,1.18322,2.27762,5.17665,296.346,1.53588974176,87.995,2023-07-13 07:32:08,False
PSA SUSTAINABILITY,9V2422  ,9182631,SG,,CS,19131,563750000,1.2649856643,103.779283511,1.18322,2.28656,5.17665,295.694,1.53588974176,87.995,2023-07-13 07:32:18,False
PSA SUSTAINABILITY,9V2422  ,9182631,SG,,CS,19131,563750000,1.26509217648,103.779128244,1.23467,2.3846,5.22901,299.281,1.65806278939,94.9988,2023-07-13 07:32:28,False
PSA SUSTAINABILITY,9V2422  ,9182631,SG,,CS,19131,563750000,1.26516316617,103.779045501,1.28611,2.48082,5.27438,302.196,1.72787595947,98.9978,2023-07-13 07:32:38,False
PSA SUSTAINABILITY,9V2422  ,9182631,SG,,CS,19131,563750000,1.26522982062,103.778978341,1.33756,2.57704,5.3058,303.93,1.76278254451,100.997,2023-07-13 07:32:48,False
PSA SUSTAINABILITY,9V2422  ,9182631,SG,,CS,19131,563750000,1.26534455153,103.778864416,1.33756,2.59698,5.35467,306.784,1.85004900711,105.996,2023-07-13 07:33:00,False
PSA SUSTAINABILITY,9V2422  ,9182631,SG,,CS,19131,563750000,1.26541499923,103.778788991,1.389,2.68067,5.39656,309.114,1.88495559215,107.996,2023-07-13 07:33:08,False
PSA SUSTAINABILITY,9V2422  ,9182631,SG,,CS,19131,563750000,1.26555935939,103.778660042,1.44044,2.7799,5.44892,312.166,1.93731546971,110.995,2023-07-13 07:33:18,False
PSA SUSTAINABILITY,9V2422  ,9182631,SG,,CS,19131,563750000,1.26565515201,103.778609124,1.44044,2.77664,5.50826,315.567,2.04203522483,116.999,2023-07-13 07:33:28,False
PSA SUSTAINABILITY,9V2422  ,9182631,SG,,CS,19131,563750000,1.26583312882,103.778516055,1.44044,2.79292,5.60774,321.216,2.14675497995,122.997,2023-07-13 07:33:38,False
PSA SUSTAINABILITY,9V2422  ,9182631,SG,,CS,19131,563750000,1.26593663248,103.778463575,1.49189,2.87696,5.64614,323.517,2.19911485751,125.997,2023-07-13 07:33:48,False
PSA SUSTAINABILITY,9V2422  ,9182631,SG,,CS,19131,563750000,1.26604582095,103.778422515,1.49189,2.89528,5.68279,325.67,2.26892802759,129.996,2023-07-13 07:34:00,False
PSA SUSTAINABILITY,9V2422  ,9182631,SG,,CS,19131,563750000,1.26623374539,103.778347788,1.54333,2.88378,5.79275,329.632,2.35619449019,135.0,2023-07-13 07:34:08,False
PSA SUSTAINABILITY,9V2422  ,9182631,SG,,CS,19131,563750000,1.26634078506,103.778319838,1.54333,2.9822,5.79275,332.433,2.35619449019,137.0,2023-07-13 07:34:18,False
PSA SUSTAINABILITY,9V2422  ,9182631,SG,,CS,19131,563750000,1.26643602408,103.778287062,1.54333,2.98195,5.85383,334.103,2.44346095279,139.999,2023-07-13 07:34:28,False
PSA SUSTAINABILITY,9V2422  ,9182631,SG,,CS,19131,563750000,1.26666107801,103.778256405,1.54333,2.98784,5.89398,340.622,2.47836753783,141.998,2023-07-13 07:34:38,False
PSA SUSTAINABILITY,9V2422  ,9182631,SG,,CS,19131,563750000,1.26676192907,103.778250515,1.54333,2.98271,5.97077,343.337,2.60054058547,148.997,2023-07-13 07:34:48,False
PSA SUSTAINABILITY,9V2422  ,9182631,SG,,CS,19131,563750000,1.26692573371,103.77823776,1.49189,2.98138,6.06327,347.957,2.67035375555,152.996,2023-07-13 07:35:00,False
PSA SUSTAINABILITY,9V2422  ,9182631,SG,,CS,19131,563750000,1.26702629312,103.778231036,1.49189,2.88973,6.08422,349.144,2.70526034059,154.995,2023-07-13 07:35:08,False
PSA SUSTAINABILITY,9V2422  ,9182631,SG,,CS,19131,563750000,1.26707936752,103.778244131,1.49189,2.79028,6.08422,351.588,2.70526034059,156.995,2023-07-13 07:35:18,False
PSA SUSTAINABILITY,9V2422  ,9182631,SG,,CS,19131,563750000,1.26724226719,103.778283973,1.33756,2.58597,6.25526,358.708,2.84488668075,162.999,2023-07-13 07:35:28,False
PSA SUSTAINABILITY,9V2422  ,9182631,SG,,CS,19131,563750000,1.26733328068,103.778292512,1.33756,2.58531,6.27271,0.0,2.86233997327,163.998,2023-07-13 07:35:38,False
PSA SUSTAINABILITY,9V2422  ,9182631,SG,,CS,19131,563750000,1.26747535114,103.778359916,1.23467,2.38935,0.116937,7.00938,2.96705972839,169.997,2023-07-13 07:35:48,False
PSA SUSTAINABILITY,9V2422  ,9182631,SG,,CS,19131,563750000,1.26753023621,103.778402897,1.23467,2.29876,0.116937,11.2149,2.96705972839,172.996,2023-07-13 07:36:00,False
PSA SUSTAINABILITY,9V2422  ,9182631,SG,,CS,19131,563750000,1.2676279736,103.778476866,1.13178,2.19517,0.251327,16.9908,3.07177948351,175.995,2023-07-13 07:36:08,False
PSA SUSTAINABILITY,9V2422  ,9182631,SG,,CS,19131,563750000,1.26768786044,103.778512297,1.08033,2.10259,0.340339,19.44,3.14159265359,180.0,2023-07-13 07:36:18,False
PSA SUSTAINABILITY,9V2422  ,9182631,SG,,CS,19131,563750000,1.26773141908,103.778562978,1.08033,1.99346,0.340339,23.5654,3.14159265359,180.0,2023-07-13 07:36:28,False
PSA SUSTAINABILITY,9V2422  ,9182631,SG,,CS,19131,563750000,1.26779753558,103.778656388,0.977444,1.89233,0.586431,33.6901,3.28121899375,187.998,2023-07-13 07:36:38,False
PSA SUSTAINABILITY,9V2422  ,9182631,SG,,CS,19131,563750000,1.2678181689,103.778709352,0.926,1.78844,0.656244,37.4927,3.33357887131,190.997,2023-07-13 07:36:48,False
PSA SUSTAINABILITY,9V2422  ,9182631,SG,,CS,19131,563750000,1.26784794802,103.778816609,0.926,1.69338,0.656244,48.2572,3.33357887131,190.997,2023-07-13 07:37:00,False
PSA SUSTAINABILITY,9V2422  ,9182631,SG,,CS,19131,563750000,1.26786945198,103.778863364,0.874556,1.68252,0.863938,49.6859,3.47320521147,198.995,2023-07-13 07:37:08,False
PSA SUSTAINABILITY,9V2422  ,9182631,SG,,CS,19131,563750000,1.26786595264,103.778916149,0.823111,1.59075,1.01753,57.4751,3.56047167407,204.0,2023-07-13 07:37:18,False
PSA SUSTAINABILITY,9V2422  ,9182631,SG,,CS,19131,563750000,1.26786482755,103.778995288,0.823111,1.47847,1.01753,65.1196,3.56047167407,208.998,2023-07-13 07:37:28,False
PSA SUSTAINABILITY,9V2422  ,9182631,SG,,CS,19131,563750000,1.26786236133,103.779046432,0.720222,1.38341,1.21999,70.292,3.68264472171,210.998,2023-07-13 07:37:38,False
PSA SUSTAINABILITY,9V2422  ,9182631,SG,,CS,19131,563750000,1.26784926426,103.779082979,0.668778,1.28235,1.31772,75.9638,3.73500459927,213.997,2023-07-13 07:37:48,False
PSA SUSTAINABILITY,9V2422  ,9182631,SG,,CS,19131,563750000,1.26784152497,103.77911882,0.617333,1.09029,1.32994,78.6901,3.75245789179,214.997,2023-07-13 07:38:00,False
PSA SUSTAINABILITY,9V2422  ,9182631,SG,,CS,19131,563750000,1.26783667846,103.779139331,0.514444,0.998198,1.45211,83.2902,3.80481776935,217.996,2023-07-13 07:38:08,False
PSA SUSTAINABILITY,9V2422  ,9182631,SG,,CS,19131,563750000,1.26782319677,103.779162382,0.411556,0.796976,1.57952,90.0,3.83972435439,219.996,2023-07-13 07:38:18,True
PSA SUSTAINABILITY,9V2422  ,9182631,SG,,CS,19131,563750000,1.26781290625,103.779168867,0.308667,0.583477,1.6249,91.9092,3.87463093943,221.995,2023-07-13 07:38:28,True
PSA SUSTAINABILITY,9V2422  ,9182631,SG,,CS,19131,563750000,1.26778592343,103.779188054,0.308667,0.594702,1.6249,101.31,3.87463093943,221.995,2023-07-13 07:38:38,True
PSA SUSTAINABILITY,9V2422  ,9182631,SG,,CS,19131,563750000,1.2677810519,103.779209706,0.257222,0.594702,1.9635,101.31,3.90953752447,223.995,2023-07-13 07:38:48,True
PSA SUSTAINABILITY,9V2422  ,9182631,SG,,CS,19131,563750000,1.26775701393,103.779164775,0.257222,0.480094,1.9635,111.371,3.90953752447,223.995,2023-07-13 07:39:00,True
PSA SUSTAINABILITY,9V2422  ,9182631,SG,,CS,19131,563750000,1.26770500362,103.779102981,0.154333,0.278316,2.68955,155.225,3.94444410951,226.0,2023-07-13 07:39:08,True
PSA SUSTAINABILITY,9V2422  ,9182631,SG,,CS,19131,563750000,1.26769621483,103.779107224,0.154333,0.278316,2.68955,155.225,3.94444410951,226.0,2023-07-13 07:39:18,True
PSA SUSTAINABILITY,9V2422  ,9182631,SG,,CS,19131,563750000,1.26765821862,103.779058406,0.257222,0.487514,3.56745,203.499,3.94444410951,226.0,2023-07-13 07:39:28,True
PSA SUSTAINABILITY,9V2422  ,9182631,SG,,CS,19131,563750000,1.26764338942,103.779051725,0.257222,0.487514,3.56745,203.499,3.94444410951,226.0,2023-07-13 07:39:38,True
PSA SUSTAINABILITY,9V2422  ,9182631,SG,,CS,19131,563750000,1.26761883409,103.779018903,0.308667,0.583153,3.78562,216.87,3.94444410951,226.0,2023-07-13 07:39:48,True
PSA SUSTAINABILITY,9V2422  ,9182631,SG,,CS,19131,563750000,1.26755100192,103.778935848,0.463,0.880113,3.94968,226.79,3.94444410951,226.0,2023-07-13 07:40:00,True
PSA SUSTAINABILITY,9V2422  ,9182631,SG,,CS,19131,563750000,1.26753075188,103.778914794,0.463,0.880113,3.94968,226.79,3.94444410951,226.0,2023-07-13 07:40:08,True
PSA SUSTAINABILITY,9V2422  ,9182631,SG,,CS,19131,563750000,1.2674568521,103.778823244,0.565889,1.08595,3.94619,225.725,3.94444410951,226.0,2023-07-13 07:40:18,False
PSA SUSTAINABILITY,9V2422  ,9182631,SG,,CS,19131,563750000,1.26740846002,103.778761669,0.668778,1.28426,4.02124,230.528,3.94444410951,226.0,2023-07-13 07:40:28,False
PSA SUSTAINABILITY,9V2422  ,9182631,SG,,CS,19131,563750000,1.26734144429,103.778693689,0.668778,1.49082,4.02124,230.29,3.94444410951,226.0,2023-07-13 07:40:38,False
PSA SUSTAINABILITY,9V2422  ,9182631,SG,,CS,19131,563750000,1.2673100436,103.778656507,0.771667,1.49082,4.01426,230.29,3.94444410951,226.0,2023-07-13 07:40:48,False
PSA SUSTAINABILITY,9V2422  ,9182631,SG,,CS,19131,563750000,1.26726050705,103.778595089,0.823111,1.58551,4.01077,229.475,3.94444410951,226.0,2023-07-13 07:41:00,False
PSA SUSTAINABILITY,9V2422  ,9182631,SG,,CS,19131,563750000,1.2671394432,103.77845564,0.874556,1.79214,3.95143,229.399,3.94444410951,226.0,2023-07-13 07:41:08,False
PSA SUSTAINABILITY,9V2422  ,9182631,SG,,CS,19131,563750000,1.26708363518,103.778383926,0.977444,1.88913,4.00204,229.591,3.94444410951,226.0,2023-07-13 07:41:18,False
PSA SUSTAINABILITY,9V2422  ,9182631,SG,,CS,19131,563750000,1.26696691405,103.778254199,1.08033,2.081,3.99855,229.167,3.94444410951,226.0,2023-07-13 07:41:28,False
PSA SUSTAINABILITY,9V2422  ,9182631,SG,,CS,19131,563750000,1.26691144516,103.778211573,1.13178,2.19069,3.99506,228.958,3.94444410951,226.0,2023-07-13 07:41:38,False
PSA SUSTAINABILITY,9V2422  ,9182631,SG,,CS,19131,563750000,1.26686439614,103.778158026,1.13178,2.19069,3.99506,228.958,3.94444410951,226.0,2023-07-13 07:41:48,False
PSA SUSTAINABILITY,9V2422  ,9182631,SG,,CS,19131,563750000,1.26673571431,103.778029129,1.23467,2.3827,3.98808,228.638,3.94444410951,226.0,2023-07-13 07:42:00,False
PSA SUSTAINABILITY,9V2422  ,9182631,SG,,CS,19131,563750000,1.26665090382,103.777946078,1.28611,2.49245,3.98633,228.478,3.94444410951,226.0,2023-07-13 07:42:08,False
PSA SUSTAINABILITY,9V2422  ,9182631,SG,,CS,19131,563750000,1.26659685518,103.7778856,1.28611,2.49245,3.98633,228.478,3.94444410951,226.0,2023-07-13 07:42:18,False
PSA SUSTAINABILITY,9V2422  ,9182631,SG,,CS,19131,563750000,1.26647273371,103.777770102,1.33756,2.58466,3.94793,226.219,3.94444410951,226.0,2023-07-13 07:42:28,False
PSA SUSTAINABILITY,9V2422  ,9182631,SG,,CS,19131,563750000,1.26641412673,103.777709382,1.33756,2.58466,3.94793,226.219,3.94444410951,226.0,2023-07-13 07:42:38,False
PSA SUSTAINABILITY,9V2422  ,9182631,SG,,CS,19131,563750000,1.26623935379,103.7775338,1.49189,2.87354,3.94968,226.37,3.94444410951,226.0,2023-07-13 07:42:48,False
PSA SUSTAINABILITY,9V2422  ,9182631,SG,,CS,19131,563750000,1.26615352277,103.777447012,1.54333,2.98347,3.94968,226.32,3.94444410951,226.0,2023-07-13 07:43:00,False
PSA SUSTAINABILITY,9V2422  ,9182631,SG,,CS,19131,563750000,1.2660746682,103.777365229,1.54333,2.98347,3.94968,226.32,3.94444410951,226.0,2023-07-13 07:43:08,False
PSA SUSTAINABILITY,9V2422  ,9182631,SG,,CS,19131,563750000,1.2659151657,103.77719782,1.59478,3.0934,3.94793,226.273,3.94444410951,226.0,2023-07-13 07:43:18,False
PSA SUSTAINABILITY,9V2422  ,9182631,SG,,CS,19131,563750000,1.2658336012,103.77711083,1.64622,3.17585,3.94968,226.24,3.94444410951,226.0,2023-07-13 07:43:28,False
PSA SUSTAINABILITY,9V2422  ,9182631,SG,,CS,19131,563750000,1.26567150176,103.776928886,1.69767,3.28579,3.95143,226.198,3.94444410951,226.0,2023-07-13 07:43:38,False
PSA SUSTAINABILITY,9V2422  ,9182631,SG,,CS,19131,563750000,1.26558445367,103.776851359,1.69767,3.40922,3.95143,225.924,3.94444410951,226.0,2023-07-13 07:43:48,False
PSA SUSTAINABILITY,9V2422  ,9182631,SG,,CS,19131,563750000,1.26541573682,103.776672575,1.80056,3.49222,3.94968,226.353,3.94444410951,226.0,2023-07-13 07:44:00,False
PSA SUSTAINABILITY,9V2422  ,9182631,SG,,CS,19131,563750000,1.2653426805,103.776587172,1.80056,3.48209,3.97761,227.941,3.94444410951,226.0,2023-07-13 07:44:08,False
PSA SUSTAINABILITY,9V2422  ,9182631,SG,,CS,19131,563750000,1.26526881228,103.776503863,1.80056,3.48209,3.97761,227.941,3.94444410951,226.0,2023-07-13 07:44:18,False
PSA SUSTAINABILITY,9V2422  ,9182631,SG,,CS,19131,563750000,1.26508783455,103.776300886,1.80056,3.68737,3.97761,227.564,3.94444410951,226.0,2023-07-13 07:44:28,False
PSA SUSTAINABILITY,9V2422  ,9182631,SG,,CS,19131,563750000,1.26499000777,103.776174717,1.80056,3.68737,3.97761,227.564,3.94444410951,226.0,2023-07-13 07:44:38,False
PSA SUSTAINABILITY,9V2422  ,9182631,SG,,CS,19131,563750000,1.26490772499,103.77608563,1.80056,3.70174,3.97761,227.767,3.94444410951,226.0,2023-07-13 07:44:48,False
PSA SUSTAINABILITY,9V2422  ,9182631,SG,,CS,19131,563750000,1.26469289748,103.775830713,1.95489,3.79722,3.97411,227.49,3.94444410951,226.0,2023-07-13 07:45:00,False
PSA SUSTAINABILITY,9V2422  ,9182631,SG,,CS,19131,563750000,1.26459312764,103.775735457,2.00633,3.82468,3.97062,227.472,3.94444410951,226.0,2023-07-13 07:45:08,False
PSA SUSTAINABILITY,9V2422  ,9182631,SG,,CS,19131,563750000,1.26450302177,103.775651363,2.05778,3.90708,3.97062,227.42,3.94444410951,226.0,2023-07-13 07:45:18,False
PSA SUSTAINABILITY,9V2422  ,9182631,SG,,CS,19131,563750000,1.26431323522,103.775454051,2.05778,3.97634,3.97062,227.576,3.94444410951,226.0,2023-07-13 07:45:28,False
PSA SUSTAINABILITY,9V2422  ,9182631,SG,,CS,19131,563750000,1.26421110358,103.775344405,2.05778,3.97634,3.97062,227.576,3.94444410951,226.0,2023-07-13 07:45:38,False
PSA SUSTAINABILITY,9V2422  ,9182631,SG,,CS,19131,563750000,1.26397340219,103.77509793,2.26356,4.26531,3.97237,227.586,3.94444410951,226.0,2023-07-13 07:45:48,False
PSA SUSTAINABILITY,9V2422  ,9182631,SG,,CS,19131,563750000,1.26384780959,103.774955177,2.315,4.34561,3.95666,226.813,3.96189740203,227.0,2023-07-13 07:46:00,False
PSA SUSTAINABILITY,9V2422  ,9182631,SG,,CS,19131,563750000,1.26375046489,103.774852156,2.315,4.35894,3.95666,226.626,3.96189740203,227.0,2023-07-13 07:46:08,False
PSA SUSTAINABILITY,9V2422  ,9182631,SG,,CS,19131,563750000,1.26347741784,103.774582411,2.52078,4.78454,3.94968,226.317,3.99680398707,228.999,2023-07-13 07:46:18,False
PSA SUSTAINABILITY,9V2422  ,9182631,SG,,CS,19131,563750000,1.26336710233,103.774466808,2.52078,4.81203,3.94968,226.309,3.99680398707,228.999,2023-07-13 07:46:28,False
PSA SUSTAINABILITY,9V2422  ,9182631,SG,,CS,19131,563750000,1.2631218138,103.77423596,2.57222,4.92104,3.93572,225.64,4.01425727959,229.999,2023-07-13 07:46:38,False
PSA SUSTAINABILITY,9V2422  ,9182631,SG,,CS,19131,563750000,1.26296110846,103.774041491,2.67511,5.17077,3.95841,226.828,4.06661715715,232.998,2023-07-13 07:46:48,False
PSA SUSTAINABILITY,9V2422  ,9182631,SG,,CS,19131,563750000,1.26274528837,103.773798157,2.62367,5.13105,3.96539,227.303,4.10152374219,234.998,2023-07-13 07:47:00,False
PSA SUSTAINABILITY,9V2422  ,9182631,SG,,CS,19131,563750000,1.26267788764,103.773710859,2.67511,5.20152,3.97411,227.726,4.13643032723,236.997,2023-07-13 07:47:08,False
PSA SUSTAINABILITY,9V2422  ,9182631,SG,,CS,19131,563750000,1.26256883937,103.773574214,2.67511,5.19152,3.98633,228.491,4.15388361975,237.997,2023-07-13 07:47:18,False
PSA SUSTAINABILITY,9V2422  ,9182631,SG,,CS,19131,563750000,1.26243297304,103.773406085,2.67511,5.17866,3.99157,228.652,4.18879020479,239.996,2023-07-13 07:47:28,False
PSA SUSTAINABILITY,9V2422  ,9182631,SG,,CS,19131,563750000,1.26221281269,103.773135313,2.67511,5.18682,4.016,229.865,4.20624349731,242.996,2023-07-13 07:47:38,False
PSA SUSTAINABILITY,9V2422  ,9182631,SG,,CS,19131,563750000,1.26212112385,103.772978669,2.72656,5.24928,4.05265,232.069,4.25860337487,243.995,2023-07-13 07:47:48,False
PSA SUSTAINABILITY,9V2422  ,9182631,SG,,CS,19131,563750000,1.26192137404,103.772662276,2.72656,5.21081,4.09105,234.413,4.31096325243,246.995,2023-07-13 07:48:00,False
PSA SUSTAINABILITY,9V2422  ,9182631,SG,,CS,19131,563750000,1.26181601718,103.77248274,2.778,5.29015,4.10501,235.025,4.34586983747,249.0,2023-07-13 07:48:08,False
PSA SUSTAINABILITY,9V2422  ,9182631,SG,,CS,19131,563750000,1.26164867699,103.772162512,2.82944,5.40291,4.13992,237.339,4.41568300755,252.999,2023-07-13 07:48:18,False
PSA SUSTAINABILITY,9V2422  ,9182631,SG,,CS,19131,563750000,1.26155767468,103.771975639,2.82944,5.40724,4.1661,238.824,4.45058959259,254.998,2023-07-13 07:48:28,False
PSA SUSTAINABILITY,9V2422  ,9182631,SG,,CS,19131,563750000,1.26148504996,103.771806632,2.88089,5.51165,4.18704,240.18,4.46804288511,255.998,2023-07-13 07:48:38,False
PSA SUSTAINABILITY,9V2422  ,9182631,SG,,CS,19131,563750000,1.26135640593,103.771457419,2.88089,5.54633,4.24813,243.794,4.55530934771,260.997,2023-07-13 07:48:48,False
PSA SUSTAINABILITY,9V2422  ,9182631,SG,,CS,19131,563750000,1.26130877155,103.771270897,2.88089,5.64673,4.24813,245.817,4.55530934771,260.997,2023-07-13 07:49:00,False
PSA SUSTAINABILITY,9V2422  ,9182631,SG,,CS,19131,563750000,1.26120030105,103.770897983,2.93233,5.67872,4.34587,249.146,4.6425758103,265.995,2023-07-13 07:49:08,False
PSA SUSTAINABILITY,9V2422  ,9182631,SG,,CS,19131,563750000,1.26115492362,103.77070953,2.98378,5.76116,4.36332,250.281,4.67748239534,267.995,2023-07-13 07:49:18,False
PSA SUSTAINABILITY,9V2422  ,9182631,SG,,CS,19131,563750000,1.26112687902,103.770506826,2.98378,5.7667,4.40347,252.542,4.71238898038,270.0,2023-07-13 07:49:28,False
PSA SUSTAINABILITY,9V2422  ,9182631,SG,,CS,19131,563750000,1.26109479256,103.770081745,3.03522,5.99713,4.44884,256.504,4.76474885794,273.999,2023-07-13 07:49:38,False
PSA SUSTAINABILITY,9V2422  ,9182631,SG,,CS,19131,563750000,1.26109259107,103.769807948,3.08667,6.01226,4.52389,259.38,4.8171087355,275.999,2023-07-13 07:49:48,False
PSA SUSTAINABILITY,9V2422  ,9182631,SG,,CS,19131,563750000,1.2610930554,103.769438726,3.08667,6.21085,4.52389,262.808,4.8171087355,275.999,2023-07-13 07:50:00,False
PSA SUSTAINABILITY,9V2422  ,9182631,SG,,CS,19131,563750000,1.26111848021,103.76921017,3.241,6.31678,4.6321,265.588,4.86946861306,278.998,2023-07-13 07:50:08,False
PSA SUSTAINABILITY,9V2422  ,9182631,SG,,CS,19131,563750000,1.26114826071,103.768947893,3.29244,6.43909,4.6705,267.751,4.9043751981,280.997,2023-07-13 07:50:18,False
PSA SUSTAINABILITY,9V2422  ,9182631,SG,,CS,19131,563750000,1.26121146055,103.768466773,3.39533,6.63196,4.74031,271.848,4.95673507566,283.997,2023-07-13 07:50:28,False
PSA SUSTAINABILITY,9V2422  ,9182631,SG,,CS,19131,563750000,1.26126077805,103.768231065,3.44678,6.73928,4.77348,273.638,4.97418836818,284.996,2023-07-13 07:50:38,False
PSA SUSTAINABILITY,9V2422  ,9182631,SG,,CS,19131,563750000,1.26131235624,103.767971745,3.49822,6.85483,4.81013,275.533,5.00909495322,286.996,2023-07-13 07:50:48,False
PSA SUSTAINABILITY,9V2422  ,9182631,SG,,CS,19131,563750000,1.26146090854,103.767489526,3.54967,6.94102,4.88518,279.673,5.00909495322,286.996,2023-07-13 07:51:00,False
PSA SUSTAINABILITY,9V2422  ,9182631,SG,,CS,19131,563750000,1.26154442533,103.76724756,3.65256,7.11736,4.91659,281.341,5.00909495322,286.996,2023-07-13 07:51:08,False
PSA SUSTAINABILITY,9V2422  ,9182631,SG,,CS,19131,563750000,1.26168002342,103.766810602,3.704,7.23256,4.94975,283.364,5.00909495322,286.996,2023-07-13 07:51:18,False
PSA SUSTAINABILITY,9V2422  ,9182631,SG,,CS,19131,563750000,1.26177515521,103.766526833,3.75544,7.31694,4.96372,284.147,5.00909495322,286.996,2023-07-13 07:51:28,False
PSA SUSTAINABILITY,9V2422  ,9182631,SG,,CS,19131,563750000,1.26183563712,103.766298768,3.75544,7.32172,4.96372,284.294,5.00909495322,286.996,2023-07-13 07:51:38,False
PSA SUSTAINABILITY,9V2422  ,9182631,SG,,CS,19131,563750000,1.26203597414,103.7657467,3.96122,7.70317,4.9899,285.965,5.00909495322,286.996,2023-07-13 07:51:48,False
PSA SUSTAINABILITY,9V2422  ,9182631,SG,,CS,19131,563750000,1.26210653112,103.765505516,3.96122,7.70854,4.9899,286.104,5.00909495322,286.996,2023-07-13 07:52:00,False
PSA SUSTAINABILITY,9V2422  ,9182631,SG,,CS,19131,563750000,1.26229760086,103.764964627,4.11556,7.99894,5.01259,287.246,5.00909495322,286.996,2023-07-13 07:52:08,False
PSA SUSTAINABILITY,9V2422  ,9182631,SG,,CS,19131,563750000,1.26240082694,103.764655447,4.11556,8.19613,5.01259,287.103,5.00909495322,286.996,2023-07-13 07:52:18,False
PSA SUSTAINABILITY,9V2422  ,9182631,SG,,CS,19131,563750000,1.26248049321,103.764399863,4.11556,8.21472,5.01259,287.063,5.00909495322,286.996,2023-07-13 07:52:28,False
PSA SUSTAINABILITY,9V2422  ,9182631,SG,,CS,19131,563750000,1.26268003142,103.763808151,4.32133,8.40373,5.01782,287.639,4.9916416607,285.996,2023-07-13 07:52:38,False
PSA SUSTAINABILITY,9V2422  ,9182631,SG,,CS,19131,563750000,1.26277571631,103.763510352,4.37278,8.42225,5.02829,287.599,4.9916416607,285.996,2023-07-13 07:52:48,False
PSA SUSTAINABILITY,9V2422  ,9182631,SG,,CS,19131,563750000,1.26297823031,103.762910619,4.42422,8.60599,5.02655,288.026,4.9916416607,285.996,2023-07-13 07:53:00,False
PSA SUSTAINABILITY,9V2422  ,9182631,SG,,CS,19131,563750000,1.26304814007,103.762685089,4.52711,8.80371,5.01608,287.475,4.9916416607,285.996,2023-07-13 07:53:08,False
PSA SUSTAINABILITY,9V2422  ,9182631,SG,,CS,19131,563750000,1.26312042161,103.762449845,4.52711,8.80371,5.01608,287.475,4.9916416607,285.996,2023-07-13 07:53:18,False
PSA SUSTAINABILITY,9V2422  ,9182631,SG,,CS,19131,563750000,1.26333538043,103.761789418,4.63,9.00579,5.0248,287.848,4.9916416607,285.996,2023-07-13 07:53:28,False
PSA SUSTAINABILITY,9V2422  ,9182631,SG,,CS,19131,563750000,1.26342972586,103.761488345,4.63,9.10427,5.0248,287.777,4.9916416607,285.996,2023-07-13 07:53:38,False
PSA SUSTAINABILITY,9V2422  ,9182631,SG,,CS,19131,563750000,1.26351970077,103.761206218,4.68144,9.09836,5.02306,287.661,4.9916416607,285.996,2023-07-13 07:53:48,False
PSA SUSTAINABILITY,9V2422  ,9182631,SG,,CS,19131,563750000,1.26371246375,103.760558189,4.78433,9.29658,5.01259,287.147,4.9916416607,285.996,2023-07-13 07:54:00,False
PSA SUSTAINABILITY,9V2422  ,9182631,SG,,CS,19131,563750000,1.26381707772,103.760207618,4.83578,9.37661,5.01259,287.12,4.9916416607,285.996,2023-07-13 07:54:08,False
PSA SUSTAINABILITY,9V2422  ,9182631,SG,,CS,19131,563750000,1.26390745953,103.759916294,4.83578,9.40092,5.01259,287.199,4.9916416607,285.996,2023-07-13 07:54:18,False
PSA SUSTAINABILITY,9V2422  ,9182631,SG,,CS,19131,563750000,1.26412373612,103.759217837,4.93867,9.60385,5.01259,287.188,4.9916416607,285.996,2023-07-13 07:54:28,False
PSA SUSTAINABILITY,9V2422  ,9182631,SG,,CS,19131,563750000,1.26421615684,103.758919256,4.99011,9.60385,5.01259,287.188,4.9916416607,285.996,2023-07-13 07:54:38,False
PSA SUSTAINABILITY,9V2422  ,9182631,SG,,CS,19131,563750000,1.26441383248,103.758281485,5.04156,9.78822,5.01259,287.211,4.9916416607,285.996,2023-07-13 07:54:48,False
PSA SUSTAINABILITY,9V2422  ,9182631,SG,,CS,19131,563750000,1.26452509903,103.757923937,5.04156,9.80679,5.01259,287.178,4.9916416607,285.996,2023-07-13 07:55:00,False
PSA SUSTAINABILITY,9V2422  ,9182631,SG,,CS,19131,563750000,1.26462138405,103.757618881,5.04156,9.80679,5.01259,287.178,4.9916416607,285.996,2023-07-13 07:55:08,False
PSA SUSTAINABILITY,9V2422  ,9182631,SG,,CS,19131,563750000,1.26482432756,103.756968895,5.093,10.0097,5.01084,287.168,4.9916416607,285.996,2023-07-13 07:55:18,False
PSA SUSTAINABILITY,9V2422  ,9182631,SG,,CS,19131,563750000,1.26492151453,103.756659968,5.19589,10.0097,5.01433,287.168,4.9916416607,285.996,2023-07-13 07:55:28,False
PSA SUSTAINABILITY,9V2422  ,9182631,SG,,CS,19131,563750000,1.26514628136,103.755951779,5.24733,10.1941,5.01259,287.191,4.9916416607,285.996,2023-07-13 07:55:38,False
PSA SUSTAINABILITY,9V2422  ,9182631,SG,,CS,19131,563750000,1.26525153107,103.755622512,5.29878,10.2984,5.01259,287.238,4.9916416607,285.996,2023-07-13 07:55:48,False
PSA SUSTAINABILITY,9V2422  ,9182631,SG,,CS,19131,563750000,1.26535133116,103.755304328,5.29878,10.2984,5.01259,287.238,4.9916416607,285.996,2023-07-13 07:56:00,False
PSA SUSTAINABILITY,9V2422  ,9182631,SG,,CS,19131,563750000,1.26558791865,103.754595884,5.35022,10.4017,5.02131,287.622,4.9916416607,285.996,2023-07-13 07:56:08,False
PSA SUSTAINABILITY,9V2422  ,9182631,SG,,CS,19131,563750000,1.26567250652,103.754349899,5.40167,10.4817,5.01957,287.595,4.9916416607,285.996,2023-07-13 07:56:18,False
PSA SUSTAINABILITY,9V2422  ,9182631,SG,,CS,19131,563750000,1.26577626464,103.754024844,5.40167,10.5003,5.01957,287.563,4.9916416607,285.996,2023-07-13 07:56:28,False
PSA SUSTAINABILITY,9V2422  ,9182631,SG,,CS,19131,563750000,1.2660475276,103.753321355,5.45311,10.5976,5.044,288.834,4.92182849062,281.997,2023-07-13 07:56:38,False
PSA SUSTAINABILITY,9V2422  ,9182631,SG,,CS,19131,563750000,1.26617477562,103.753001258,5.45311,10.5992,5.05447,289.498,4.86946861306,278.998,2023-07-13 07:56:48,False
PSA SUSTAINABILITY,9V2422  ,9182631,SG,,CS,19131,563750000,1.26638274415,103.752334555,5.45311,10.5914,5.04051,288.734,4.78220215046,273.999,2023-07-13 07:57:00,False
PSA SUSTAINABILITY,9V2422  ,9182631,SG,,CS,19131,563750000,1.26648350468,103.751950402,5.50456,10.6779,5.0248,287.808,4.74729556542,272.0,2023-07-13 07:57:08,False
PSA SUSTAINABILITY,9V2422  ,9182631,SG,,CS,19131,563750000,1.26656684625,103.751526001,5.45311,10.5949,4.99339,285.974,4.71238898038,270.0,2023-07-13 07:57:18,False
PSA SUSTAINABILITY,9V2422  ,9182631,SG,,CS,19131,563750000,1.26659601726,103.751271998,5.45311,10.5719,4.96197,285.135,4.66002910282,266.995,2023-07-13 07:57:28,False
PSA SUSTAINABILITY,9V2422  ,9182631,SG,,CS,19131,563750000,1.26666236594,103.750536147,5.45311,10.5712,4.94277,281.455,4.6425758103,265.995,2023-07-13 07:57:38,False
PSA SUSTAINABILITY,9V2422  ,9182631,SG,,CS,19131,563750000,1.26668621655,103.750153673,5.45311,10.5657,4.89041,280.173,4.57276264023,261.996,2023-07-13 07:57:48,False
PSA SUSTAINABILITY,9V2422  ,9182631,SG,,CS,19131,563750000,1.26668804648,103.74941621,5.45311,10.5556,4.81711,276.981,4.48549617763,256.998,2023-07-13 07:58:00,False
PSA SUSTAINABILITY,9V2422  ,9182631,SG,,CS,19131,563750000,1.26664858915,103.749065354,5.45311,10.5541,4.81711,274.86,4.48549617763,256.998,2023-07-13 07:58:08,False
PSA SUSTAINABILITY,9V2422  ,9182631,SG,,CS,19131,563750000,1.26655650406,103.748330869,5.45311,10.5555,4.77871,270.528,4.41568300755,252.999,2023-07-13 07:58:18,False
PSA SUSTAINABILITY,9V2422  ,9182631,SG,,CS,19131,563750000,1.26648654965,103.748052616,5.40167,10.4406,4.69145,268.827,4.32841654495,248.0,2023-07-13 07:58:28,False
PSA SUSTAINABILITY,9V2422  ,9182631,SG,,CS,19131,563750000,1.26639982841,103.747725033,5.40167,10.4946,4.65305,266.708,4.32841654495,248.0,2023-07-13 07:58:38,False
PSA SUSTAINABILITY,9V2422  ,9182631,SG,,CS,19131,563750000,1.26617291343,103.746993923,5.35022,10.3885,4.56753,261.824,4.31096325243,246.995,2023-07-13 07:58:48,False
PSA SUSTAINABILITY,9V2422  ,9182631,SG,,CS,19131,563750000,1.26611580073,103.746759131,5.35022,10.3895,4.56753,261.066,4.31096325243,246.995,2023-07-13 07:59:00,False
PSA SUSTAINABILITY,9V2422  ,9182631,SG,,CS,19131,563750000,1.26597338129,103.746391967,5.35022,10.3997,4.5204,258.9,4.29350995991,245.995,2023-07-13 07:59:08,False
PSA SUSTAINABILITY,9V2422  ,9182631,SG,,CS,19131,563750000,1.26566950648,103.745747423,5.35022,10.4081,4.43488,253.731,4.29350995991,245.995,2023-07-13 07:59:18,False
PSA SUSTAINABILITY,9V2422  ,9182631,SG,,CS,19131,563750000,1.26557276683,103.745424649,5.35022,10.3654,4.43488,253.774,4.29350995991,245.995,2023-07-13 07:59:28,False
PSA SUSTAINABILITY,9V2422  ,9182631,SG,,CS,19131,563750000,1.26530259423,103.744814238,5.40167,10.4746,4.39648,251.834,4.29350995991,245.995,2023-07-13 07:59:38,False
PSA SUSTAINABILITY,9V2422  ,9182631,SG,,CS,19131,563750000,1.26519821795,103.744494395,5.40167,10.4746,4.38427,251.834,4.29350995991,245.995,2023-07-13 07:59:48,False
PSA SUSTAINABILITY,9V2422  ,9182631,SG,,CS,19131,563750000,1.26488272012,103.743757445,5.45311,10.5757,4.36681,250.233,4.29350995991,245.995,2023-07-13 08:00:00,False
PSA SUSTAINABILITY,9V2422  ,9182631,SG,,CS,19131,563750000,1.26475886764,103.743473676,5.45311,10.584,4.35809,249.801,4.29350995991,245.995,2023-07-13 08:00:08,False
PSA SUSTAINABILITY,9V2422  ,9182631,SG,,CS,19131,563750000,1.26463865924,103.743148551,5.45311,10.6272,4.35809,249.775,4.29350995991,245.995,2023-07-13 08:00:18,False
PSA SUSTAINABILITY,9V2422  ,9182631,SG,,CS,19131,563750000,1.2643281628,103.742407697,5.50456,10.6959,4.34587,248.798,4.29350995991,245.995,2023-07-13 08:00:28,False
PSA SUSTAINABILITY,9V2422  ,9182631,SG,,CS,19131,563750000,1.26420092735,103.742083801,5.556,10.7392,4.33889,248.776,4.29350995991,245.995,2023-07-13 08:00:38,False
PSA SUSTAINABILITY,9V2422  ,9182631,SG,,CS,19131,563750000,1.26405651059,103.741751649,5.556,10.829,4.33889,248.409,4.29350995991,245.995,2023-07-13 08:00:48,False
PSA SUSTAINABILITY,9V2422  ,9182631,SG,,CS,19131,563750000,1.26375120802,103.740993833,5.60744,10.8903,4.33889,248.426,4.29350995991,245.995,2023-07-13 08:01:00,False
PSA SUSTAINABILITY,9V2422  ,9182631,SG,,CS,19131,563750000,1.26363988311,103.740700069,5.60744,10.9808,4.33889,248.613,4.29350995991,245.995,2023-07-13 08:01:08,False
PSA SUSTAINABILITY,9V2422  ,9182631,SG,,CS,19131,563750000,1.26337852426,103.740028516,5.65889,10.9808,4.34063,248.613,4.27605666739,244.995,2023-07-13 08:01:18,False
PSA SUSTAINABILITY,9V2422  ,9182631,SG,,CS,19131,563750000,1.26323096369,103.739650148,5.71033,10.9918,4.35634,248.744,4.24115008235,242.996,2023-07-13 08:01:28,False
PSA SUSTAINABILITY,9V2422  ,9182631,SG,,CS,19131,563750000,1.26310757458,103.739253571,5.71033,11.0957,4.35634,249.597,4.24115008235,242.996,2023-07-13 08:01:38,False
PSA SUSTAINABILITY,9V2422  ,9182631,SG,,CS,19131,563750000,1.26280854615,103.738589891,5.71033,11.1036,4.35634,248.646,4.24115008235,239.996,2023-07-13 08:01:48,False
PSA SUSTAINABILITY,9V2422  ,9182631,SG,,CS,19131,563750000,1.26267844456,103.738257449,5.71033,11.0965,4.35634,248.739,4.24115008235,239.996,2023-07-13 08:02:00,False
PSA SUSTAINABILITY,9V2422  ,9182631,SG,,CS,19131,563750000,1.26227594425,103.73753601,5.71033,11.0981,4.297,246.353,4.18879020479,239.996,2023-07-13 08:02:08,False
PSA SUSTAINABILITY,9V2422  ,9182631,SG,,CS,19131,563750000,1.26216130752,103.737346815,5.71033,11.1003,4.28478,245.589,4.18879020479,239.996,2023-07-13 08:02:18,False
PSA SUSTAINABILITY,9V2422  ,9182631,SG,,CS,19131,563750000,1.26201120147,103.737020279,5.71033,11.1003,4.28478,245.589,4.18879020479,239.996,2023-07-13 08:02:28,False
PSA SUSTAINABILITY,9V2422  ,9182631,SG,,CS,19131,563750000,1.26163948526,103.736329252,5.76178,11.2071,4.26558,244.413,4.18879020479,239.996,2023-07-13 08:02:38,False
PSA SUSTAINABILITY,9V2422  ,9182631,SG,,CS,19131,563750000,1.26145581697,103.735981685,5.76178,11.259,4.26558,244.32,4.18879020479,239.996,2023-07-13 08:02:48,False
PSA SUSTAINABILITY,9V2422  ,9182631,SG,,CS,19131,563750000,1.26105847443,103.735305857,5.81322,11.3364,4.2394,242.864,4.18879020479,239.996,2023-07-13 08:03:00,False
PSA SUSTAINABILITY,9V2422  ,9182631,SG,,CS,19131,563750000,1.26088451654,103.734972619,5.81322,11.3364,4.2394,242.864,4.18879020479,239.996,2023-07-13 08:03:08,False
PSA SUSTAINABILITY,9V2422  ,9182631,SG,,CS,19131,563750000,1.26071512323,103.734646401,5.81322,11.3191,4.2394,242.819,4.18879020479,239.996,2023-07-13 08:03:18,False
PSA SUSTAINABILITY,9V2422  ,9182631,SG,,CS,19131,563750000,1.26035203677,103.733982839,5.86467,11.4328,4.23417,242.564,4.18879020479,239.996,2023-07-13 08:03:28,False
PSA SUSTAINABILITY,9V2422  ,9182631,SG,,CS,19131,563750000,1.26015635044,103.733609212,5.86467,11.4328,4.23417,242.564,4.18879020479,239.996,2023-07-13 08:03:38,False
PSA SUSTAINABILITY,9V2422  ,9182631,SG,,CS,19131,563750000,1.25995382607,103.733258593,5.86467,11.4508,4.23417,242.391,4.18879020479,239.996,2023-07-13 08:03:48,False
PSA SUSTAINABILITY,9V2422  ,9182631,SG,,CS,19131,563750000,1.2596336391,103.732545557,5.86467,11.5187,4.23766,243.003,4.17133691227,238.997,2023-07-13 08:04:00,False
PSA SUSTAINABILITY,9V2422  ,9182631,SG,,CS,19131,563750000,1.25946415646,103.732215154,5.91611,11.4926,4.2429,243.045,4.13643032723,236.997,2023-07-13 08:04:08,False
PSA SUSTAINABILITY,9V2422  ,9182631,SG,,CS,19131,563750000,1.259110075,103.731660793,5.91611,11.4894,4.21672,241.614,4.10152374219,234.998,2023-07-13 08:04:18,False
PSA SUSTAINABILITY,9V2422  ,9182631,SG,,CS,19131,563750000,1.25893151177,103.731333198,5.91611,11.4894,4.21672,241.614,4.10152374219,234.998,2023-07-13 08:04:28,False
PSA SUSTAINABILITY,9V2422  ,9182631,SG,,CS,19131,563750000,1.25845516991,103.730620732,5.91611,11.4889,4.1853,239.834,4.10152374219,234.998,2023-07-13 08:04:38,False
PSA SUSTAINABILITY,9V2422  ,9182631,SG,,CS,19131,563750000,1.25817963557,103.73022569,5.91611,11.5046,4.17657,239.318,4.10152374219,234.998,2023-07-13 08:04:48,False
PSA SUSTAINABILITY,9V2422  ,9182631,SG,,CS,19131,563750000,1.25776429216,103.72958513,5.96756,11.5821,4.15912,238.311,4.10152374219,234.998,2023-07-13 08:05:00,False
PSA SUSTAINABILITY,9V2422  ,9182631,SG,,CS,19131,563750000,1.25755172887,103.729267224,5.96756,11.5719,4.16086,238.392,4.10152374219,234.998,2023-07-13 08:05:08,False
PSA SUSTAINABILITY,9V2422  ,9182631,SG,,CS,19131,563750000,1.25736699924,103.728987584,5.96756,11.5902,4.15214,237.883,4.10152374219,234.998,2023-07-13 08:05:18,False
PSA SUSTAINABILITY,9V2422  ,9182631,SG,,CS,19131,563750000,1.25700591176,103.728439963,6.019,11.6794,4.14341,237.368,4.10152374219,234.998,2023-07-13 08:05:28,False
PSA SUSTAINABILITY,9V2422  ,9182631,SG,,CS,19131,563750000,1.25680093585,103.72812175,6.019,11.6794,4.14341,237.368,4.10152374219,234.998,2023-07-13 08:05:38,False
PSA SUSTAINABILITY,9V2422  ,9182631,SG,,CS,19131,563750000,1.2565391959,103.727743038,6.019,11.6631,4.14341,237.316,4.10152374219,234.998,2023-07-13 08:05:48,False
PSA SUSTAINABILITY,9V2422  ,9182631,SG,,CS,19131,563750000,1.25613822985,103.727101188,6.019,11.7764,4.14341,237.333,4.10152374219,234.998,2023-07-13 08:06:00,False
PSA SUSTAINABILITY,9V2422  ,9182631,SG,,CS,19131,563750000,1.25589205511,103.726735655,6.019,11.7265,4.14341,236.837,4.10152374219,234.998,2023-07-13 08:06:08,False
PSA SUSTAINABILITY,9V2422  ,9182631,SG,,CS,19131,563750000,1.25542908148,103.726043188,6.12189,11.8397,4.13643,236.858,4.10152374219,234.998,2023-07-13 08:06:18,False
PSA SUSTAINABILITY,9V2422  ,9182631,SG,,CS,19131,563750000,1.25521458585,103.725724589,6.12189,11.7966,4.13643,236.834,4.10152374219,234.998,2023-07-13 08:06:28,False
PSA SUSTAINABILITY,9V2422  ,9182631,SG,,CS,19131,563750000,1.25500081826,103.725394785,6.12189,11.8128,4.13643,236.885,4.10152374219,234.998,2023-07-13 08:06:38,False
PSA SUSTAINABILITY,9V2422  ,9182631,SG,,CS,19131,563750000,1.25454590941,103.724693499,6.12189,11.8829,4.13468,236.882,4.11897703471,235.997,2023-07-13 08:06:48,False
PSA SUSTAINABILITY,9V2422  ,9182631,SG,,CS,19131,563750000,1.25433470326,103.724371189,6.12189,11.8992,4.13468,236.933,4.11897703471,235.997,2023-07-13 08:07:00,False
PSA SUSTAINABILITY,9V2422  ,9182631,SG,,CS,19131,563750000,1.25413021925,103.724029873,6.12189,11.912,4.13468,237.529,4.11897703471,234.998,2023-07-13 08:07:08,False
PSA SUSTAINABILITY,9V2422  ,9182631,SG,,CS,19131,563750000,1.25367249661,103.72331668,6.17333,12.0089,4.14516,237.493,4.10152374219,234.998,2023-07-13 08:07:18,False
PSA SUSTAINABILITY,9V2422  ,9182631,SG,,CS,19131,563750000,1.25346085286,103.722988807,6.17333,12.0089,4.14341,237.493,4.10152374219,234.998,2023-07-13 08:07:28,False
PSA SUSTAINABILITY,9V2422  ,9182631,SG,,CS,19131,563750000,1.2530247641,103.722317531,6.17333,12.0521,4.14341,237.515,4.10152374219,234.998,2023-07-13 08:07:38,False
PSA SUSTAINABILITY,9V2422  ,9182631,SG,,CS,19131,563750000,1.25278360217,103.721936064,6.17333,12.149,4.14341,237.48,4.10152374219,234.998,2023-07-13 08:07:48,False
PSA SUSTAINABILITY,9V2422  ,9182631,SG,,CS,19131,563750000,1.25237745813,103.721266497,6.22478,12.0538,4.15039,237.848,4.10152374219,234.998,2023-07-13 08:08:00,False
PSA SUSTAINABILITY,9V2422  ,9182631,SG,,CS,19131,563750000,1.25214986926,103.720885512,6.22478,12.0394,4.15214,238.132,4.10152374219,234.998,2023-07-13 08:08:08,False
PSA SUSTAINABILITY,9V2422  ,9182631,SG,,CS,19131,563750000,1.25193785844,103.720551751,6.22478,12.1197,4.15214,238.043,4.10152374219,234.998,2023-07-13 08:08:18,False
PSA SUSTAINABILITY,9V2422  ,9182631,SG,,CS,19131,563750000,1.25156374872,103.719970001,6.22478,12.0581,4.14865,237.642,4.10152374219,234.998,2023-07-13 08:08:28,False
PSA SUSTAINABILITY,9V2422  ,9182631,SG,,CS,19131,563750000,1.25131751394,103.71959136,6.22478,12.1013,4.14865,237.663,4.10152374219,234.998,2023-07-13 08:08:38,False
PSA SUSTAINABILITY,9V2422  ,9182631,SG,,CS,19131,563750000,1.25107809559,103.719247536,6.22478,12.1013,4.14865,237.663,4.10152374219,234.998,2023-07-13 08:08:48,False
PSA SUSTAINABILITY,9V2422  ,9182631,SG,,CS,19131,563750000,1.25063910246,103.718530159,6.27622,12.264,4.14865,237.821,4.10152374219,234.998,2023-07-13 08:09:00,False
PSA SUSTAINABILITY,9V2422  ,9182631,SG,,CS,19131,563750000,1.25042339734,103.718192766,6.27622,12.2743,4.14865,237.745,4.10152374219,234.998,2023-07-13 08:09:08,False
PSA SUSTAINABILITY,9V2422  ,9182631,SG,,CS,19131,563750000,1.24996041841,103.717478479,6.27622,12.2951,4.14865,237.591,4.10152374219,234.998,2023-07-13 08:09:18,False
PSA SUSTAINABILITY,9V2422  ,9182631,SG,,CS,19131,563750000,1.24973755431,103.717125512,6.32767,12.3592,4.1469,237.46,4.10152374219,234.998,2023-07-13 08:09:28,False
PSA SUSTAINABILITY,9V2422  ,9182631,SG,,CS,19131,563750000,1.24951940707,103.716787831,6.32767,12.3756,4.1469,237.508,4.10152374219,234.998,2023-07-13 08:09:38,False
PSA SUSTAINABILITY,9V2422  ,9182631,SG,,CS,19131,563750000,1.24910013439,103.716112177,6.32767,12.3429,4.14516,237.411,4.08407044967,233.998,2023-07-13 08:09:48,False
PSA SUSTAINABILITY,9V2422  ,9182631,SG,,CS,19131,563750000,1.24888524856,103.715783041,6.32767,12.2996,4.14516,237.39,4.08407044967,233.998,2023-07-13 08:10:00,False
PSA SUSTAINABILITY,9V2422  ,9182631,SG,,CS,19131,563750000,1.24868343758,103.715424668,6.32767,12.392,4.16261,238.404,4.04916386463,231.998,2023-07-13 08:10:08,False
PSA SUSTAINABILITY,9V2422  ,9182631,SG,,CS,19131,563750000,1.24822936032,103.714753299,6.32767,12.4293,4.14516,237.453,4.01425727959,229.999,2023-07-13 08:10:18,False
PSA SUSTAINABILITY,9V2422  ,9182631,SG,,CS,19131,563750000,1.24791993612,103.714345741,6.32767,12.4217,4.13119,236.683,4.01425727959,229.999,2023-07-13 08:10:28,False
PSA SUSTAINABILITY,9V2422  ,9182631,SG,,CS,19131,563750000,1.24742413204,103.713648041,6.32767,12.4376,4.1277,236.409,4.01425727959,229.999,2023-07-13 08:10:38,False
PSA SUSTAINABILITY,9V2422  ,9182631,SG,,CS,19131,563750000,1.2471632288,103.713302632,6.32767,12.4053,4.1277,236.31,4.01425727959,229.999,2023-07-13 08:10:48,False
PSA SUSTAINABILITY,9V2422  ,9182631,SG,,CS,19131,563750000,1.24670725989,103.712776703,6.32767,12.2351,4.07883,233.658,4.01425727959,229.999,2023-07-13 08:11:00,False
PSA SUSTAINABILITY,9V2422  ,9182631,SG,,CS,19131,563750000,1.24643636133,103.712431347,6.32767,12.2738,4.07883,233.566,4.01425727959,229.999,2023-07-13 08:11:08,False
PSA SUSTAINABILITY,9V2422  ,9182631,SG,,CS,19131,563750000,1.24618945107,103.712115393,6.32767,12.3051,4.07883,233.673,4.01425727959,229.999,2023-07-13 08:11:18,False
PSA SUSTAINABILITY,9V2422  ,9182631,SG,,CS,19131,563750000,1.2456633828,103.711421794,6.32767,12.324,4.07185,232.949,4.01425727959,229.999,2023-07-13 08:11:28,False
PSA SUSTAINABILITY,9V2422  ,9182631,SG,,CS,19131,563750000,1.24542342357,103.71111737,6.27622,12.3513,4.07011,232.932,4.01425727959,229.999,2023-07-13 08:11:38,False
PSA SUSTAINABILITY,9V2422  ,9182631,SG,,CS,19131,563750000,1.2450275084,103.710610006,6.27622,12.2579,4.06662,233.057,4.01425727959,229.999,2023-07-13 08:11:48,False
PSA SUSTAINABILITY,9V2422  ,9182631,SG,,CS,19131,563750000,1.24475291847,103.710232886,6.27622,12.2541,4.06313,232.93,4.01425727959,229.999,2023-07-13 08:12:00,False
PSA SUSTAINABILITY,9V2422  ,9182631,SG,,CS,19131,563750000,1.24451217923,103.709918819,6.27622,12.2424,4.06313,233.003,4.01425727959,229.999,2023-07-13 08:12:08,False
PSA SUSTAINABILITY,9V2422  ,9182631,SG,,CS,19131,563750000,1.24399425481,103.709254247,6.27622,12.2466,4.05964,232.675,4.01425727959,229.999,2023-07-13 08:12:18,False
PSA SUSTAINABILITY,9V2422  ,9182631,SG,,CS,19131,563750000,1.24375710655,103.708917875,6.27622,12.2268,4.06487,232.948,4.01425727959,229.999,2023-07-13 08:12:28,False
PSA SUSTAINABILITY,9V2422  ,9182631,SG,,CS,19131,563750000,1.24352096497,103.708620884,6.27622,12.2268,4.06487,232.948,4.01425727959,229.999,2023-07-13 08:12:38,False
PSA SUSTAINABILITY,9V2422  ,9182631,SG,,CS,19131,563750000,1.24310323143,103.708044123,6.27622,12.2268,4.06487,232.948,4.01425727959,229.999,2023-07-13 08:12:48,False
PSA SUSTAINABILITY,9V2422  ,9182631,SG,,CS,19131,563750000,1.2425125122,103.707308866,6.32767,12.3283,4.06138,232.624,4.01425727959,229.999,2023-07-13 08:13:00,False
PSA SUSTAINABILITY,9V2422  ,9182631,SG,,CS,19131,563750000,1.24226639848,103.706992774,6.32767,12.3129,4.05964,232.569,4.01425727959,229.999,2023-07-13 08:13:08,False
PSA SUSTAINABILITY,9V2422  ,9182631,SG,,CS,19131,563750000,1.24198993106,103.7066096,6.32767,12.3011,4.05964,232.641,4.01425727959,229.999,2023-07-13 08:13:18,False
PSA SUSTAINABILITY,9V2422  ,9182631,SG,,CS,19131,563750000,1.24146797454,103.705949627,6.32767,12.2975,4.05964,232.514,4.01425727959,229.999,2023-07-13 08:13:28,False
PSA SUSTAINABILITY,9V2422  ,9182631,SG,,CS,19131,563750000,1.24118271692,103.705600132,6.32767,12.2975,4.05964,232.514,4.01425727959,229.999,2023-07-13 08:13:38,False
PSA SUSTAINABILITY,9V2422  ,9182631,SG,,CS,19131,563750000,1.24087573886,103.705230184,6.32767,12.2939,4.05964,232.387,4.01425727959,229.999,2023-07-13 08:13:48,False
PSA SUSTAINABILITY,9V2422  ,9182631,SG,,CS,19131,563750000,1.24044683461,103.70464902,6.32767,12.2631,4.05964,232.276,4.01425727959,229.999,2023-07-13 08:14:00,False
PSA SUSTAINABILITY,9V2422  ,9182631,SG,,CS,19131,563750000,1.24021377985,103.704361988,6.32767,12.2086,4.05964,232.309,4.01425727959,229.999,2023-07-13 08:14:08,False
PSA SUSTAINABILITY,9V2422  ,9182631,SG,,CS,19131,563750000,1.23968191267,103.70368273,6.37911,12.3212,4.05789,232.371,4.01425727959,229.999,2023-07-13 08:14:18,False
PSA SUSTAINABILITY,9V2422  ,9182631,SG,,CS,19131,563750000,1.23941609706,103.703361444,6.37911,12.333,4.05789,232.299,4.01425727959,229.999,2023-07-13 08:14:28,False
PSA SUSTAINABILITY,9V2422  ,9182631,SG,,CS,19131,563750000,1.23912385389,103.702982695,6.37911,12.403,4.05789,232.322,4.01425727959,229.999,2023-07-13 08:14:38,False
PSA SUSTAINABILITY,9V2422  ,9182631,SG,,CS,19131,563750000,1.23877613305,103.702497899,6.37911,12.4302,4.0544,232.306,4.01425727959,229.999,2023-07-13 08:14:48,False
PSA SUSTAINABILITY,9V2422  ,9182631,SG,,CS,19131,563750000,1.23853046487,103.702182132,6.37911,12.403,4.0544,232.322,4.01425727959,229.999,2023-07-13 08:15:00,False
PSA SUSTAINABILITY,9V2422  ,9182631,SG,,CS,19131,563750000,1.23826186626,103.701845219,6.37911,12.3757,4.0544,232.338,4.01425727959,229.999,2023-07-13 08:15:08,False
PSA SUSTAINABILITY,9V2422  ,9182631,SG,,CS,19131,563750000,1.23775186022,103.701185484,6.37911,12.3995,4.05265,232.196,4.01425727959,229.999,2023-07-13 08:15:18,False
PSA SUSTAINABILITY,9V2422  ,9182631,SG,,CS,19131,563750000,1.23747460599,103.700839938,6.37911,12.4268,4.05789,232.18,4.01425727959,229.999,2023-07-13 08:15:28,False
PSA SUSTAINABILITY,9V2422  ,9182631,SG,,CS,19131,563750000,1.23698870482,103.700202454,6.37911,12.4492,4.05789,232.486,4.01425727959,229.999,2023-07-13 08:15:38,False
PSA SUSTAINABILITY,9V2422  ,9182631,SG,,CS,19131,563750000,1.2366595351,103.699767656,6.37911,12.4338,4.05615,232.431,4.01425727959,229.999,2023-07-13 08:15:48,False
PSA SUSTAINABILITY,9V2422  ,9182631,SG,,CS,19131,563750000,1.23617859799,103.699145686,6.37911,12.352,4.05615,232.481,4.01425727959,229.999,2023-07-13 08:16:00,False
PSA SUSTAINABILITY,9V2422  ,9182631,SG,,CS,19131,563750000,1.2359318206,103.698820987,6.37911,12.3757,4.0544,232.338,4.01425727959,229.999,2023-07-13 08:16:08,False
PSA SUSTAINABILITY,9V2422  ,9182631,SG,,CS,19131,563750000,1.2356881488,103.698519066,6.37911,12.3757,4.0544,232.338,4.01425727959,229.999,2023-07-13 08:16:18,False
PSA SUSTAINABILITY,9V2422  ,9182631,SG,,CS,19131,563750000,1.23510673832,103.697786683,6.43056,12.432,4.04742,231.858,4.01425727959,229.999,2023-07-13 08:16:28,False
PSA SUSTAINABILITY,9V2422  ,9182631,SG,,CS,19131,563750000,1.23485439136,103.697481797,6.43056,12.4593,4.04742,231.843,4.01425727959,229.999,2023-07-13 08:16:38,False
PSA SUSTAINABILITY,9V2422  ,9182631,SG,,CS,19131,563750000,1.23455575816,103.697147818,6.43056,12.4899,4.04742,231.953,4.01425727959,229.999,2023-07-13 08:16:48,False
PSA SUSTAINABILITY,9V2422  ,9182631,SG,,CS,19131,563750000,1.23412193837,103.696541676,6.43056,12.466,4.05265,232.094,4.01425727959,229.999,2023-07-13 08:17:00,False
PSA SUSTAINABILITY,9V2422  ,9182631,SG,,CS,19131,563750000,1.23387097141,103.696239651,6.43056,12.466,4.05265,232.094,4.01425727959,229.999,2023-07-13 08:17:08,False
PSA SUSTAINABILITY,9V2422  ,9182631,SG,,CS,19131,563750000,1.23328478753,103.695517939,6.43056,12.4713,4.04742,231.773,4.01425727959,229.999,2023-07-13 08:17:18,False
PSA SUSTAINABILITY,9V2422  ,9182631,SG,,CS,19131,563750000,1.23303758439,103.695206051,6.43056,12.4593,4.04742,231.843,4.01425727959,229.999,2023-07-13 08:17:28,False
PSA SUSTAINABILITY,9V2422  ,9182631,SG,,CS,19131,563750000,1.23275105299,103.694842168,6.43056,12.4746,4.04742,231.898,4.01425727959,229.999,2023-07-13 08:17:38,False
PSA SUSTAINABILITY,9V2422  ,9182631,SG,,CS,19131,563750000,1.23231245736,103.694278794,6.43056,12.5718,4.04742,231.907,4.01425727959,229.999,2023-07-13 08:17:48,False
PSA SUSTAINABILITY,9V2422  ,9182631,SG,,CS,19131,563750000,1.23202746679,103.693911576,6.482,12.5838,4.04393,231.838,4.01425727959,229.999,2023-07-13 08:18:00,False
PSA SUSTAINABILITY,9V2422  ,9182631,SG,,CS,19131,563750000,1.23177118162,103.693587475,6.482,12.6231,4.04393,231.754,4.01425727959,229.999,2023-07-13 08:18:08,False
PSA SUSTAINABILITY,9V2422  ,9182631,SG,,CS,19131,563750000,1.23120151323,103.692917867,6.482,12.6167,4.04044,231.506,4.01425727959,229.999,2023-07-13 08:18:18,False
PSA SUSTAINABILITY,9V2422  ,9182631,SG,,CS,19131,563750000,1.23093998881,103.69259761,6.482,12.6167,4.04044,231.506,4.01425727959,229.999,2023-07-13 08:18:28,False
PSA SUSTAINABILITY,9V2422  ,9182631,SG,,CS,19131,563750000,1.23044383743,103.691969554,6.482,12.6835,4.04044,231.409,4.01425727959,229.999,2023-07-13 08:18:38,False
PSA SUSTAINABILITY,9V2422  ,9182631,SG,,CS,19131,563750000,1.2301148287,103.691550078,6.482,12.6835,4.04044,231.409,4.01425727959,229.999,2023-07-13 08:18:48,False
PSA SUSTAINABILITY,9V2422  ,9182631,SG,,CS,19131,563750000,1.2296143386,103.690922497,6.482,12.5894,4.03869,231.52,4.01425727959,229.999,2023-07-13 08:19:00,False
PSA SUSTAINABILITY,9V2422  ,9182631,SG,,CS,19131,563750000,1.22934976483,103.690565176,6.53344,12.7508,4.04567,231.872,4.01425727959,229.999,2023-07-13 08:19:08,False
PSA SUSTAINABILITY,9V2422  ,9182631,SG,,CS,19131,563750000,1.22911023212,103.690263327,6.53344,12.6723,4.04567,232.04,4.01425727959,229.999,2023-07-13 08:19:18,False
PSA SUSTAINABILITY,9V2422  ,9182631,SG,,CS,19131,563750000,1.22855083683,103.689562798,6.53344,12.7139,4.0352,231.518,4.01425727959,229.999,2023-07-13 08:19:28,False
PSA SUSTAINABILITY,9V2422  ,9182631,SG,,CS,19131,563750000,1.22830266204,103.689257598,6.53344,12.559,4.0352,231.409,4.01425727959,229.999,2023-07-13 08:19:38,False
PSA SUSTAINABILITY,9V2422  ,9182631,SG,,CS,19131,563750000,1.2280102026,103.688907949,6.53344,12.6775,4.0352,231.162,4.01425727959,229.999,2023-07-13 08:19:48,False
PSA SUSTAINABILITY,9V2422  ,9182631,SG,,CS,19131,563750000,1.22749852781,103.688262381,6.53344,12.7595,4.03695,231.122,4.01425727959,229.999,2023-07-13 08:20:00,False
PSA SUSTAINABILITY,9V2422  ,9182631,SG,,CS,19131,563750000,1.22723983767,103.687938352,6.53344,12.7624,4.03695,231.245,4.01425727959,229.999,2023-07-13 08:20:08,False
PSA SUSTAINABILITY,9V2422  ,9182631,SG,,CS,19131,563750000,1.22668928335,103.68725381,6.53344,12.7229,4.0352,231.327,4.01425727959,229.999,2023-07-13 08:20:18,False
PSA SUSTAINABILITY,9V2422  ,9182631,SG,,CS,19131,563750000,1.22640237758,103.686884014,6.53344,12.6835,4.03695,231.409,4.01425727959,229.999,2023-07-13 08:20:28,False
PSA SUSTAINABILITY,9V2422  ,9182631,SG,,CS,19131,563750000,1.22614713214,103.686567952,6.53344,12.6683,4.03695,231.354,4.01425727959,229.999,2023-07-13 08:20:38,False
PSA SUSTAINABILITY,9V2422  ,9182631,SG,,CS,19131,563750000,1.22567539031,103.68601155,6.53344,12.559,4.03869,231.409,4.01425727959,229.999,2023-07-13 08:20:48,False
PSA SUSTAINABILITY,9V2422  ,9182631,SG,,CS,19131,563750000,1.22545616702,103.685733199,6.53344,12.5412,4.04393,231.798,4.01425727959,229.999,2023-07-13 08:21:00,False
PSA SUSTAINABILITY,9V2422  ,9182631,SG,,CS,19131,563750000,1.22517267461,103.685365001,6.53344,12.5871,4.04393,231.962,4.01425727959,229.999,2023-07-13 08:21:08,False
PSA SUSTAINABILITY,9V2422  ,9182631,SG,,CS,19131,563750000,1.22457220054,103.684636836,6.53344,12.6714,4.03869,231.477,4.01425727959,229.999,2023-07-13 08:21:18,False
PSA SUSTAINABILITY,9V2422  ,9182631,SG,,CS,19131,563750000,1.22430683356,103.684316669,6.53344,12.7292,4.03869,231.012,4.01425727959,229.999,2023-07-13 08:21:28,False
PSA SUSTAINABILITY,9V2422  ,9182631,SG,,CS,19131,563750000,1.2240452686,103.683997027,6.53344,12.6775,4.03346,231.162,4.01425727959,229.999,2023-07-13 08:21:38,False
PSA SUSTAINABILITY,9V2422  ,9182631,SG,,CS,19131,563750000,1.22352056163,103.683349462,6.53344,12.7078,4.03695,231.272,4.01425727959,229.999,2023-07-13 08:21:48,False
PSA SUSTAINABILITY,9V2422  ,9182631,SG,,CS,19131,563750000,1.22321793547,103.682986003,6.53344,12.6956,4.03695,231.34,4.01425727959,229.999,2023-07-13 08:22:00,False
PSA SUSTAINABILITY,9V2422  ,9182631,SG,,CS,19131,563750000,1.22267102735,103.68229727,6.53344,12.6199,4.03695,231.63,4.01425727959,229.999,2023-07-13 08:22:08,False
PSA SUSTAINABILITY,9V2422  ,9182631,SG,,CS,19131,563750000,1.22237476394,103.6819283,6.53344,12.6683,4.03695,231.354,4.01425727959,229.999,2023-07-13 08:22:18,False
PSA SUSTAINABILITY,9V2422  ,9182631,SG,,CS,19131,563750000,1.22207559504,103.681561894,6.53344,12.7078,4.03346,231.272,4.01425727959,229.999,2023-07-13 08:22:28,False
PSA SUSTAINABILITY,9V2422  ,9182631,SG,,CS,19131,563750000,1.22154922762,103.680920191,6.53344,12.6538,4.03171,230.735,4.01425727959,229.999,2023-07-13 08:22:38,False
PSA SUSTAINABILITY,9V2422  ,9182631,SG,,CS,19131,563750000,1.22129271837,103.680599076,6.53344,12.6745,4.0352,231.038,4.01425727959,229.999,2023-07-13 08:22:48,False
PSA SUSTAINABILITY,9V2422  ,9182631,SG,,CS,19131,563750000,1.22073614284,103.679899726,6.53344,12.6683,4.03346,231.354,4.01425727959,229.999,2023-07-13 08:23:00,False
PSA SUSTAINABILITY,9V2422  ,9182631,SG,,CS,19131,563750000,1.22047774752,103.679572083,6.53344,12.6745,4.03869,231.601,4.01425727959,229.999,2023-07-13 08:23:08,False
PSA SUSTAINABILITY,9V2422  ,9182631,SG,,CS,19131,563750000,1.22022012087,103.679249898,6.53344,12.6745,4.03869,231.601,4.01425727959,229.999,2023-07-13 08:23:18,False
PSA SUSTAINABILITY,9V2422  ,9182631,SG,,CS,19131,563750000,1.21972798733,103.67865226,6.53344,12.6804,4.03869,231.285,4.01425727959,229.999,2023-07-13 08:23:28,False
PSA SUSTAINABILITY,9V2422  ,9182631,SG,,CS,19131,563750000,1.21939175759,103.678241246,6.53344,12.6804,4.03346,231.285,4.01425727959,229.999,2023-07-13 08:23:39,False
PSA SUSTAINABILITY,9V2422  ,9182631,SG,,CS,19131,563750000,1.21913280184,103.677922062,6.53344,12.6804,4.03346,231.285,4.01425727959,229.999,2023-07-13 08:23:48,False
PSA SUSTAINABILITY,9V2422  ,9182631,SG,,CS,19131,563750000,1.21864974637,103.677314631,6.53344,12.6866,4.03346,231.532,4.01425727959,229.999,2023-07-13 08:24:00,False
PSA SUSTAINABILITY,9V2422  ,9182631,SG,,CS,19131,563750000,1.21835356612,103.676942575,6.53344,12.6835,4.03869,231.409,4.01425727959,229.999,2023-07-13 08:24:08,False
PSA SUSTAINABILITY,9V2422  ,9182631,SG,,CS,19131,563750000,1.21809425687,103.676621566,6.53344,12.6835,4.03869,231.409,4.01425727959,229.999,2023-07-13 08:24:18,False
PSA SUSTAINABILITY,9V2422  ,9182631,SG,,CS,19131,563750000,1.21753100823,103.675922552,6.53344,12.6956,4.03695,231.34,4.01425727959,229.999,2023-07-13 08:24:28,False
PSA SUSTAINABILITY,9V2422  ,9182631,SG,,CS,19131,563750000,1.2172306779,103.675564939,6.53344,12.6745,4.03171,231.038,4.03171057211,230.999,2023-07-13 08:24:38,False
PSA SUSTAINABILITY,9V2422  ,9182631,SG,,CS,19131,563750000,1.21666637542,103.674892933,6.53344,12.6839,4.02997,230.847,4.06661715715,232.998,2023-07-13 08:24:48,False
PSA SUSTAINABILITY,9V2422  ,9182631,SG,,CS,19131,563750000,1.21640646556,103.674573978,6.53344,12.6839,4.02298,230.847,4.11897703471,235.997,2023-07-13 08:25:00,False
PSA SUSTAINABILITY,9V2422  ,9182631,SG,,CS,19131,563750000,1.21616871858,103.674320673,6.482,12.6061,4.02298,230.443,4.17133691227,238.997,2023-07-13 08:25:08,False
PSA SUSTAINABILITY,9V2422  ,9182631,SG,,CS,19131,563750000,1.21561242354,103.673608463,6.43056,12.4897,4.02997,230.811,4.32841654495,248.0,2023-07-13 08:25:18,False
PSA SUSTAINABILITY,9V2422  ,9182631,SG,,CS,19131,563750000,1.21541753079,103.673268533,6.37911,12.3911,4.05789,232.393,4.41568300755,252.999,2023-07-13 08:25:28,False
PSA SUSTAINABILITY,9V2422  ,9182631,SG,,CS,19131,563750000,1.21521601598,103.672887521,6.37911,12.3108,4.05789,234.252,4.41568300755,252.999,2023-07-13 08:25:38,False
PSA SUSTAINABILITY,9V2422  ,9182631,SG,,CS,19131,563750000,1.214943491,103.672184506,6.17333,12.0252,4.1661,238.417,4.62512251778,264.996,2023-07-13 08:25:48,False
PSA SUSTAINABILITY,9V2422  ,9182631,SG,,CS,19131,563750000,1.21484928611,103.671421251,5.86467,11.4043,4.30922,246.494,4.74729556542,272.0,2023-07-13 08:26:00,False
PSA SUSTAINABILITY,9V2422  ,9182631,SG,,CS,19131,563750000,1.2147551924,103.671069925,5.86467,11.3958,4.30922,247.854,4.74729556542,272.0,2023-07-13 08:26:08,False
PSA SUSTAINABILITY,9V2422  ,9182631,SG,,CS,19131,563750000,1.21479564522,103.670664504,5.76178,11.1602,4.42092,252.985,4.86946861306,278.998,2023-07-13 08:26:18,False
PSA SUSTAINABILITY,9V2422  ,9182631,SG,,CS,19131,563750000,1.21479329481,103.670316366,5.71033,11.0414,4.47153,255.939,4.92182849062,281.997,2023-07-13 08:26:28,False
PSA SUSTAINABILITY,9V2422  ,9182631,SG,,CS,19131,563750000,1.21491047679,103.669514999,5.556,10.7485,4.59196,263.145,5.0789081233,290.995,2023-07-13 08:26:38,False
PSA SUSTAINABILITY,9V2422  ,9182631,SG,,CS,19131,563750000,1.21492368424,103.669182689,5.50456,10.5704,4.64432,264.195,5.14872129338,294.999,2023-07-13 08:26:48,False
PSA SUSTAINABILITY,9V2422  ,9182631,SG,,CS,19131,563750000,1.21519976476,103.668575193,5.40167,10.471,4.763,272.873,5.27089434102,301.998,2023-07-13 08:27:00,False
PSA SUSTAINABILITY,9V2422  ,9182631,SG,,CS,19131,563750000,1.21532094467,103.66826153,5.35022,10.3751,4.81362,275.807,5.3407075111,305.997,2023-07-13 08:27:08,False
PSA SUSTAINABILITY,9V2422  ,9182631,SG,,CS,19131,563750000,1.2154817181,103.66796673,5.35022,10.2743,4.81362,279.035,5.3407075111,305.997,2023-07-13 08:27:18,False
PSA SUSTAINABILITY,9V2422  ,9182631,SG,,CS,19131,563750000,1.21584147272,103.667408945,5.19589,10.0802,4.98466,286.583,5.49778714378,315.0,2023-07-13 08:27:28,False
PSA SUSTAINABILITY,9V2422  ,9182631,SG,,CS,19131,563750000,1.21610792542,103.667177227,5.093,9.87966,5.09636,292.074,5.61996019142,321.998,2023-07-13 08:27:38,False
PSA SUSTAINABILITY,9V2422  ,9182631,SG,,CS,19131,563750000,1.21641325073,103.666882803,5.04156,9.78065,5.18886,297.329,5.70722665402,326.997,2023-07-13 08:27:48,False
PSA SUSTAINABILITY,9V2422  ,9182631,SG,,CS,19131,563750000,1.21690174872,103.666458434,5.04156,9.80322,5.22726,304.824,5.74213323906,333.995,2023-07-13 08:28:00,False
PSA SUSTAINABILITY,9V2422  ,9182631,SG,,CS,19131,563750000,1.21717061133,103.666276309,5.04156,9.70841,5.22726,308.66,5.74213323906,333.995,2023-07-13 08:28:08,False
PSA SUSTAINABILITY,9V2422  ,9182631,SG,,CS,19131,563750000,1.21748345975,103.666091338,4.93867,9.61606,5.45415,312.624,5.93411945678,339.999,2023-07-13 08:28:18,False
PSA SUSTAINABILITY,9V2422  ,9182631,SG,,CS,19131,563750000,1.21807076146,103.665857159,4.83578,9.43293,5.58854,320.603,5.9515727493,340.999,2023-07-13 08:28:28,False
PSA SUSTAINABILITY,9V2422  ,9182631,SG,,CS,19131,563750000,1.21840821105,103.66574598,4.73289,9.35573,5.69326,325.154,5.96902604182,341.999,2023-07-13 08:28:38,False
PSA SUSTAINABILITY,9V2422  ,9182631,SG,,CS,19131,563750000,1.21903264,103.665562287,4.83578,9.44206,5.76831,330.796,5.96902604182,341.999,2023-07-13 08:28:48,False
PSA SUSTAINABILITY,9V2422  ,9182631,SG,,CS,19131,563750000,1.21930048472,103.665412926,4.83578,9.4251,5.76831,330.739,5.96902604182,341.999,2023-07-13 08:29:00,False
PSA SUSTAINABILITY,9V2422  ,9182631,SG,,CS,19131,563750000,1.2199945697,103.665305811,4.99011,9.71193,5.88001,337.027,5.96902604182,341.999,2023-07-13 08:29:08,False
PSA SUSTAINABILITY,9V2422  ,9182631,SG,,CS,19131,563750000,1.22033094467,103.665236505,5.04156,9.79439,5.91841,339.191,5.96902604182,341.999,2023-07-13 08:29:18,False
PSA SUSTAINABILITY,9V2422  ,9182631,SG,,CS,19131,563750000,1.22063014423,103.665123609,5.04156,9.79439,5.91841,339.191,5.96902604182,341.999,2023-07-13 08:29:28,False
PSA SUSTAINABILITY,9V2422  ,9182631,SG,,CS,19131,563750000,1.2214116999,103.664919389,5.19589,10.0818,5.94808,340.866,5.96902604182,341.999,2023-07-13 08:29:38,False
PSA SUSTAINABILITY,9V2422  ,9182631,SG,,CS,19131,563750000,1.221618419,103.664872449,5.24733,10.1794,5.96204,341.634,5.96902604182,341.999,2023-07-13 08:29:48,False
PSA SUSTAINABILITY,9V2422  ,9182631,SG,,CS,19131,563750000,1.22197864918,103.664753389,5.24733,10.1794,5.96204,341.634,5.96902604182,341.999,2023-07-13 08:30:00,False
PSA SUSTAINABILITY,9V2422  ,9182631,SG,,CS,19131,563750000,1.22271587883,103.664550348,5.35022,10.3842,5.9795,342.684,5.96902604182,341.999,2023-07-13 08:30:08,False
PSA SUSTAINABILITY,9V2422  ,9182631,SG,,CS,19131,563750000,1.22306080966,103.664452926,5.45311,10.593,5.9795,342.596,5.96902604182,341.999,2023-07-13 08:30:18,False
PSA SUSTAINABILITY,9V2422  ,9182631,SG,,CS,19131,563750000,1.22339022293,103.664350347,5.45311,10.593,5.9795,342.596,5.96902604182,341.999,2023-07-13 08:30:28,False
PSA SUSTAINABILITY,9V2422  ,9182631,SG,,CS,19131,563750000,1.22418985132,103.664130331,5.50456,10.6815,5.98822,343.181,5.96902604182,341.999,2023-07-13 08:30:38,False
PSA SUSTAINABILITY,9V2422  ,9182631,SG,,CS,19131,563750000,1.22454560535,103.664033611,5.60744,10.8864,5.99521,343.507,5.96902604182,341.999,2023-07-13 08:30:48,False
PSA SUSTAINABILITY,9V2422  ,9182631,SG,,CS,19131,563750000,1.2251404929,103.663860308,5.65889,10.9906,5.99346,343.456,5.96902604182,341.999,2023-07-13 08:31:00,False
PSA SUSTAINABILITY,9V2422  ,9182631,SG,,CS,19131,563750000,1.22559541058,103.663728395,5.65889,10.9962,5.99172,343.359,5.96902604182,341.999,2023-07-13 08:31:08,False
PSA SUSTAINABILITY,9V2422  ,9182631,SG,,CS,19131,563750000,1.22593853934,103.663626113,5.65889,10.9962,5.99172,343.359,5.96902604182,341.999,2023-07-13 08:31:18,False
PSA SUSTAINABILITY,9V2422  ,9182631,SG,,CS,19131,563750000,1.22665451418,103.663405155,5.76178,11.1974,5.98648,343.044,5.96902604182,341.999,2023-07-13 08:31:28,False
PSA SUSTAINABILITY,9V2422  ,9182631,SG,,CS,19131,563750000,1.2270679633,103.663280124,5.76178,11.1845,5.98473,342.919,5.96902604182,341.999,2023-07-13 08:31:38,False
PSA SUSTAINABILITY,9V2422  ,9182631,SG,,CS,19131,563750000,1.22783361976,103.663048668,5.81322,11.2774,5.98648,343.064,5.96902604182,341.999,2023-07-13 08:31:48,False
PSA SUSTAINABILITY,9V2422  ,9182631,SG,,CS,19131,563750000,1.22818554446,103.662941769,5.81322,11.2774,5.98648,343.064,5.96902604182,341.999,2023-07-13 08:32:00,False
PSA SUSTAINABILITY,9V2422  ,9182631,SG,,CS,19131,563750000,1.2284929809,103.662851352,5.86467,11.2848,5.98299,343.282,5.96902604182,341.999,2023-07-13 08:32:08,False
PSA SUSTAINABILITY,9V2422  ,9182631,SG,,CS,19131,563750000,1.22933300268,103.662599183,5.86467,11.389,5.98997,343.235,5.96902604182,341.999,2023-07-13 08:32:18,False
PSA SUSTAINABILITY,9V2422  ,9182631,SG,,CS,19131,563750000,1.22968842027,103.662492564,5.86467,11.389,5.98997,343.235,5.96902604182,341.999,2023-07-13 08:32:28,False
PSA SUSTAINABILITY,9V2422  ,9182631,SG,,CS,19131,563750000,1.23005693243,103.662378224,5.91611,11.486,5.98473,342.976,5.96902604182,341.999,2023-07-13 08:32:38,False
PSA SUSTAINABILITY,9V2422  ,9182631,SG,,CS,19131,563750000,1.23089951946,103.662122632,5.96756,11.5904,5.98473,342.933,5.96902604182,341.999,2023-07-13 08:32:48,False
PSA SUSTAINABILITY,9V2422  ,9182631,SG,,CS,19131,563750000,1.23140821351,103.661969287,5.96756,11.579,5.98822,343.116,5.96902604182,341.999,2023-07-13 08:33:00,False
PSA SUSTAINABILITY,9V2422  ,9182631,SG,,CS,19131,563750000,1.23187251857,103.661831177,5.96756,11.4804,5.98822,343.068,5.96902604182,341.999,2023-07-13 08:33:08,False
PSA SUSTAINABILITY,9V2422  ,9182631,SG,,CS,19131,563750000,1.2322290225,103.661726138,5.91611,11.4804,5.98648,343.068,5.96902604182,341.999,2023-07-13 08:33:18,False
PSA SUSTAINABILITY,9V2422  ,9182631,SG,,CS,19131,563750000,1.23263834491,103.661601809,5.91611,11.4804,5.98648,343.068,5.96902604182,341.999,2023-07-13 08:33:28,False
PSA SUSTAINABILITY,9V2422  ,9182631,SG,,CS,19131,563750000,1.23339416294,103.661375284,5.86467,11.3965,5.99346,343.451,5.96902604182,341.999,2023-07-13 08:33:38,False
PSA SUSTAINABILITY,9V2422  ,9182631,SG,,CS,19131,563750000,1.23374995365,103.661269893,5.81322,11.3965,5.99346,343.451,5.93411945678,339.999,2023-07-13 08:33:48,False
PSA SUSTAINABILITY,9V2422  ,9182631,SG,,CS,19131,563750000,1.23436704708,103.661115136,5.76178,11.1796,6.00393,344.055,5.89921287174,338.0,2023-07-13 08:34:00,False
PSA SUSTAINABILITY,9V2422  ,9182631,SG,,CS,19131,563750000,1.23471766724,103.661015257,5.65889,11.1796,6.00219,344.055,5.8643062867,335.995,2023-07-13 08:34:08,False
PSA SUSTAINABILITY,9V2422  ,9182631,SG,,CS,19131,563750000,1.23505376827,103.660886106,5.60744,10.8772,5.98473,342.957,5.84685299418,334.995,2023-07-13 08:34:18,False
PSA SUSTAINABILITY,9V2422  ,9182631,SG,,CS,19131,563750000,1.23575361536,103.660594302,5.45311,10.6654,5.95332,341.07,5.84685299418,334.995,2023-07-13 08:34:28,False
PSA SUSTAINABILITY,9V2422  ,9182631,SG,,CS,19131,563750000,1.23608990662,103.660439845,5.29878,10.4544,5.93412,339.88,5.84685299418,334.995,2023-07-13 08:34:38,False
PSA SUSTAINABILITY,9V2422  ,9182631,SG,,CS,19131,563750000,1.23667570877,103.660183761,5.29878,10.2814,5.93412,339.064,5.84685299418,334.995,2023-07-13 08:34:48,False
PSA SUSTAINABILITY,9V2422  ,9182631,SG,,CS,19131,563750000,1.23689396181,103.660075888,5.14444,10.0348,5.90794,338.405,5.84685299418,334.995,2023-07-13 08:35:00,False
PSA SUSTAINABILITY,9V2422  ,9182631,SG,,CS,19131,563750000,1.23719343435,103.659958322,5.14444,9.99153,5.90794,338.426,5.84685299418,334.995,2023-07-13 08:35:08,False
PSA SUSTAINABILITY,9V2422  ,9182631,SG,,CS,19131,563750000,1.23774333099,103.659696906,4.99011,9.64039,5.88001,336.847,5.84685299418,334.995,2023-07-13 08:35:18,False
PSA SUSTAINABILITY,9V2422  ,9182631,SG,,CS,19131,563750000,1.23806059078,103.659553629,4.83578,9.31394,5.87129,336.377,5.84685299418,334.995,2023-07-13 08:35:28,False
PSA SUSTAINABILITY,9V2422  ,9182631,SG,,CS,19131,563750000,1.23834081446,103.659432607,4.83578,9.34957,5.87129,336.473,5.84685299418,334.995,2023-07-13 08:35:38,False
PSA SUSTAINABILITY,9V2422  ,9182631,SG,,CS,19131,563750000,1.23885131526,103.659201764,4.78433,9.14031,5.86605,336.433,5.84685299418,334.995,2023-07-13 08:35:48,False
PSA SUSTAINABILITY,9V2422  ,9182631,SG,,CS,19131,563750000,1.23912789369,103.659081146,4.68144,9.15813,5.86954,336.482,5.84685299418,334.995,2023-07-13 08:36:00,False
PSA SUSTAINABILITY,9V2422  ,9182631,SG,,CS,19131,563750000,1.23956842355,103.658880931,4.52711,8.79497,5.86082,335.587,5.84685299418,334.995,2023-07-13 08:36:08,False
PSA SUSTAINABILITY,9V2422  ,9182631,SG,,CS,19131,563750000,1.23983626095,103.658761858,4.47567,8.64279,5.87303,336.26,5.84685299418,334.995,2023-07-13 08:36:18,False
PSA SUSTAINABILITY,9V2422  ,9182631,SG,,CS,19131,563750000,1.24009468887,103.658651735,4.47567,8.64504,5.87303,336.548,5.84685299418,334.995,2023-07-13 08:36:28,False
PSA SUSTAINABILITY,9V2422  ,9182631,SG,,CS,19131,563750000,1.24058360244,103.658446304,4.37278,8.497,5.87129,336.543,5.84685299418,334.995,2023-07-13 08:36:38,False
PSA SUSTAINABILITY,9V2422  ,9182631,SG,,CS,19131,563750000,1.24083677112,103.658336551,4.37278,8.47917,5.87129,336.491,5.84685299418,334.995,2023-07-13 08:36:48,False
PSA SUSTAINABILITY,9V2422  ,9182631,SG,,CS,19131,563750000,1.24132237196,103.658119766,4.21844,8.18878,5.86431,336.051,5.84685299418,334.995,2023-07-13 08:37:00,False
PSA SUSTAINABILITY,9V2422  ,9182631,SG,,CS,19131,563750000,1.24158785194,103.658010222,4.167,8.08625,5.86954,336.331,5.84685299418,334.995,2023-07-13 08:37:08,False
PSA SUSTAINABILITY,9V2422  ,9182631,SG,,CS,19131,563750000,1.24182965238,103.657904821,4.167,8.08625,5.86954,336.331,5.84685299418,334.995,2023-07-13 08:37:18,False
PSA SUSTAINABILITY,9V2422  ,9182631,SG,,CS,19131,563750000,1.24232285766,103.657724573,4.06411,7.88755,5.89398,337.543,5.79449311662,331.996,2023-07-13 08:37:28,False
PSA SUSTAINABILITY,9V2422  ,9182631,SG,,CS,19131,563750000,1.24254958928,103.657621753,4.06411,7.86959,5.89223,337.489,5.7770398241,330.996,2023-07-13 08:37:38,False
PSA SUSTAINABILITY,9V2422  ,9182631,SG,,CS,19131,563750000,1.24281874971,103.657510945,4.06411,7.85164,5.89223,337.435,5.7770398241,330.996,2023-07-13 08:37:48,False
PSA SUSTAINABILITY,9V2422  ,9182631,SG,,CS,19131,563750000,1.24322063247,103.657285725,4.06411,7.57563,5.89223,335.276,5.7770398241,330.996,2023-07-13 08:38:00,False
PSA SUSTAINABILITY,9V2422  ,9182631,SG,,CS,19131,563750000,1.24344640362,103.657183028,4.06411,7.59329,5.89223,335.338,5.7770398241,330.996,2023-07-13 08:38:08,False
PSA SUSTAINABILITY,9V2422  ,9182631,SG,,CS,19131,563750000,1.24388301233,103.656927497,3.80689,7.48484,5.82242,333.635,5.75958653158,329.996,2023-07-13 08:38:18,False
PSA SUSTAINABILITY,9V2422  ,9182631,SG,,CS,19131,563750000,1.24410186989,103.656816763,3.80689,7.48481,5.82242,333.302,5.75958653158,329.996,2023-07-13 08:38:28,False
PSA SUSTAINABILITY,9V2422  ,9182631,SG,,CS,19131,563750000,1.24438943512,103.656672154,3.80689,7.51119,5.82242,332.904,5.75958653158,329.996,2023-07-13 08:38:38,False
PSA SUSTAINABILITY,9V2422  ,9182631,SG,,CS,19131,563750000,1.24471196889,103.656463242,3.704,7.11235,5.80147,332.314,5.75958653158,329.996,2023-07-13 08:38:48,False
PSA SUSTAINABILITY,9V2422  ,9182631,SG,,CS,19131,563750000,1.24481382226,103.656407094,3.65256,6.99214,5.791,331.796,5.75958653158,329.996,2023-07-13 08:39:00,False
PSA SUSTAINABILITY,9V2422  ,9182631,SG,,CS,19131,563750000,1.24501263678,103.656301784,3.65256,6.97502,5.791,331.721,5.75958653158,329.996,2023-07-13 08:39:08,False
PSA SUSTAINABILITY,9V2422  ,9182631,SG,,CS,19131,563750000,1.24542836141,103.656085284,3.60111,6.92238,5.791,331.852,5.75958653158,329.996,2023-07-13 08:39:18,False
PSA SUSTAINABILITY,9V2422  ,9182631,SG,,CS,19131,563750000,1.24563016311,103.6559785,3.60111,6.94869,5.791,331.786,5.75958653158,329.996,2023-07-13 08:39:28,False
PSA SUSTAINABILITY,9V2422  ,9182631,SG,,CS,19131,563750000,1.24604863634,103.655759385,3.54967,6.89736,5.78577,331.557,5.75958653158,329.996,2023-07-13 08:39:38,False
PSA SUSTAINABILITY,9V2422  ,9182631,SG,,CS,19131,563750000,1.2462718296,103.655641016,3.54967,6.92372,5.78402,331.492,5.75958653158,329.996,2023-07-13 08:39:48,False
PSA SUSTAINABILITY,9V2422  ,9182631,SG,,CS,19131,563750000,1.24666619257,103.655424079,3.49822,6.88958,5.78577,331.338,5.75958653158,329.996,2023-07-13 08:40:00,False
PSA SUSTAINABILITY,9V2422  ,9182631,SG,,CS,19131,563750000,1.2468508566,103.655319612,3.49822,6.7705,5.78577,330.786,5.75958653158,329.996,2023-07-13 08:40:08,False
PSA SUSTAINABILITY,9V2422  ,9182631,SG,,CS,19131,563750000,1.24704085484,103.655213951,3.44678,6.70063,5.77529,330.832,5.75958653158,329.996,2023-07-13 08:40:18,False
PSA SUSTAINABILITY,9V2422  ,9182631,SG,,CS,19131,563750000,1.24745554489,103.654982394,3.44678,6.62132,5.77704,331.027,5.75958653158,329.996,2023-07-13 08:40:28,False
PSA SUSTAINABILITY,9V2422  ,9182631,SG,,CS,19131,563750000,1.24763914745,103.654885438,3.44678,6.51748,5.77704,330.912,5.75958653158,329.996,2023-07-13 08:40:38,False
PSA SUSTAINABILITY,9V2422  ,9182631,SG,,CS,19131,563750000,1.24782453368,103.654784358,3.39533,6.53447,5.77529,330.995,5.75958653158,329.996,2023-07-13 08:40:48,False
PSA SUSTAINABILITY,9V2422  ,9182631,SG,,CS,19131,563750000,1.24822311325,103.654591638,3.34389,6.45146,5.79973,332.354,5.74213323906,328.997,2023-07-13 08:41:00,False
PSA SUSTAINABILITY,9V2422  ,9182631,SG,,CS,19131,563750000,1.24843923454,103.654488836,3.34389,6.45078,5.80497,332.74,5.70722665402,326.997,2023-07-13 08:41:08,False
PSA SUSTAINABILITY,9V2422  ,9182631,SG,,CS,19131,563750000,1.24876179978,103.654335414,3.34389,6.47639,5.80497,333.435,5.70722665402,326.997,2023-07-13 08:41:18,False
PSA SUSTAINABILITY,9V2422  ,9182631,SG,,CS,19131,563750000,1.24900726302,103.654187667,3.29244,6.38114,5.80846,332.81,5.67232006898,324.998,2023-07-13 08:41:29,False
PSA SUSTAINABILITY,9V2422  ,9182631,SG,,CS,19131,563750000,1.24917551899,103.654069899,3.29244,6.37024,5.7718,330.776,5.67232006898,324.998,2023-07-13 08:41:38,False
PSA SUSTAINABILITY,9V2422  ,9182631,SG,,CS,19131,563750000,1.24951499732,103.653850209,3.241,6.31465,5.75784,329.883,5.67232006898,324.998,2023-07-13 08:41:48,False
PSA SUSTAINABILITY,9V2422  ,9182631,SG,,CS,19131,563750000,1.24969321187,103.65374483,3.241,6.33425,5.75784,329.579,5.67232006898,324.998,2023-07-13 08:42:00,False
PSA SUSTAINABILITY,9V2422  ,9182631,SG,,CS,19131,563750000,1.24987538696,103.653604142,3.18956,6.27826,5.72992,328.032,5.67232006898,324.998,2023-07-13 08:42:08,False
PSA SUSTAINABILITY,9V2422  ,9182631,SG,,CS,19131,563750000,1.25015297307,103.653398637,3.18956,6.27654,5.73166,327.393,5.67232006898,324.998,2023-07-13 08:42:18,False
PSA SUSTAINABILITY,9V2422  ,9182631,SG,,CS,19131,563750000,1.25032096593,103.653291293,3.18956,6.23332,5.70548,327.351,5.67232006898,324.998,2023-07-13 08:42:28,False
PSA SUSTAINABILITY,9V2422  ,9182631,SG,,CS,19131,563750000,1.25064351771,103.653078081,3.13811,6.06536,5.70548,326.768,5.67232006898,324.998,2023-07-13 08:42:38,False
PSA SUSTAINABILITY,9V2422  ,9182631,SG,,CS,19131,563750000,1.25080360086,103.652972597,3.13811,5.99527,5.70548,326.774,5.67232006898,324.998,2023-07-13 08:42:48,False
PSA SUSTAINABILITY,9V2422  ,9182631,SG,,CS,19131,563750000,1.25098763468,103.652857689,3.13811,5.89828,5.70548,326.834,5.67232006898,324.998,2023-07-13 08:43:00,False
PSA SUSTAINABILITY,9V2422  ,9182631,SG,,CS,19131,563750000,1.25134984438,103.652608637,3.08667,5.91421,5.69152,326.258,5.67232006898,324.998,2023-07-13 08:43:08,False
PSA SUSTAINABILITY,9V2422  ,9182631,SG,,CS,19131,563750000,1.2515098372,103.652506278,3.08667,5.92503,5.68977,326.101,5.67232006898,324.998,2023-07-13 08:43:18,False
PSA SUSTAINABILITY,9V2422  ,9182631,SG,,CS,19131,563750000,1.25183503385,103.652291574,3.08667,5.96836,5.70548,326.827,5.67232006898,324.998,2023-07-13 08:43:28,False
PSA SUSTAINABILITY,9V2422  ,9182631,SG,,CS,19131,563750000,1.25202780941,103.652170925,3.08667,5.99527,5.70199,326.774,5.67232006898,324.998,2023-07-13 08:43:38,False
PSA SUSTAINABILITY,9V2422  ,9182631,SG,,CS,19131,563750000,1.25219117449,103.652064582,3.08667,5.99527,5.70199,326.774,5.67232006898,324.998,2023-07-13 08:43:48,False
PSA SUSTAINABILITY,9V2422  ,9182631,SG,,CS,19131,563750000,1.25249258451,103.651883416,3.08667,5.89344,5.70199,327.253,5.67232006898,324.998,2023-07-13 08:44:00,False
PSA SUSTAINABILITY,9V2422  ,9182631,SG,,CS,19131,563750000,1.2527002674,103.65175687,3.03522,5.89344,5.71246,327.253,5.63741348394,322.998,2023-07-13 08:44:08,False
PSA SUSTAINABILITY,9V2422  ,9182631,SG,,CS,19131,563750000,1.2528857548,103.651638591,3.03522,5.89344,5.71246,327.253,5.63741348394,322.998,2023-07-13 08:44:18,False
PSA SUSTAINABILITY,9V2422  ,9182631,SG,,CS,19131,563750000,1.2532093671,103.651437505,3.08667,5.98581,5.71944,327.6,5.58505360638,319.999,2023-07-13 08:44:28,False
PSA SUSTAINABILITY,9V2422  ,9182631,SG,,CS,19131,563750000,1.25337381197,103.651333425,3.08667,5.98581,5.71944,327.6,5.58505360638,319.999,2023-07-13 08:44:38,False
PSA SUSTAINABILITY,9V2422  ,9182631,SG,,CS,19131,563750000,1.25370208778,103.651109366,3.03522,5.89828,5.70548,326.834,5.53269372882,317.0,2023-07-13 08:44:48,False
PSA SUSTAINABILITY,9V2422  ,9182631,SG,,CS,19131,563750000,1.25385891045,103.650984509,3.03522,5.79021,5.70548,326.363,5.53269372882,317.0,2023-07-13 08:45:00,False
PSA SUSTAINABILITY,9V2422  ,9182631,SG,,CS,19131,563750000,1.25401507343,103.6508805,2.98378,5.79021,5.68628,326.363,5.48033385126,313.995,2023-07-13 08:45:08,False
PSA SUSTAINABILITY,9V2422  ,9182631,SG,,CS,19131,563750000,1.25429344468,103.650653303,2.98378,5.78708,5.66708,324.708,5.44542726622,311.995,2023-07-13 08:45:18,False
PSA SUSTAINABILITY,9V2422  ,9182631,SG,,CS,19131,563750000,1.25443583074,103.650540696,2.98378,5.78708,5.66883,324.708,5.4279739737,310.995,2023-07-13 08:45:28,False
PSA SUSTAINABILITY,9V2422  ,9182631,SG,,CS,19131,563750000,1.25470798042,103.650303918,2.93233,5.6878,5.63567,322.778,5.37561409614,307.996,2023-07-13 08:45:38,False
PSA SUSTAINABILITY,9V2422  ,9182631,SG,,CS,19131,563750000,1.25488141508,103.650146979,2.93233,5.67396,5.61472,321.677,5.35816080362,306.996,2023-07-13 08:45:48,False
PSA SUSTAINABILITY,9V2422  ,9182631,SG,,CS,19131,563750000,1.25514308709,103.649895934,2.88089,5.58993,5.59029,320.22,5.30580092606,303.997,2023-07-13 08:46:00,False
PSA SUSTAINABILITY,9V2422  ,9182631,SG,,CS,19131,563750000,1.25526927499,103.649771798,2.88089,5.581,5.59029,319.096,5.30580092606,303.997,2023-07-13 08:46:08,False
PSA SUSTAINABILITY,9V2422  ,9182631,SG,,CS,19131,563750000,1.25538084622,103.64964375,2.88089,5.57287,5.5292,317.686,5.23598775598,299.998,2023-07-13 08:46:18,False
PSA SUSTAINABILITY,9V2422  ,9182631,SG,,CS,19131,563750000,1.25550124025,103.649501434,2.82944,5.48471,5.51175,315.718,5.21853446346,298.998,2023-07-13 08:46:28,False
PSA SUSTAINABILITY,9V2422  ,9182631,SG,,CS,19131,563750000,1.25574491975,103.649219574,2.82944,5.48471,5.48557,314.282,5.1661745859,295.999,2023-07-13 08:46:38,False
PSA SUSTAINABILITY,9V2422  ,9182631,SG,,CS,19131,563750000,1.25585012291,103.649085892,2.82944,5.48636,5.45764,313.421,5.13126800086,294.0,2023-07-13 08:46:48,False
PSA SUSTAINABILITY,9V2422  ,9182631,SG,,CS,19131,563750000,1.25607385764,103.648766952,2.778,5.37641,5.42448,310.601,5.06145483078,289.995,2023-07-13 08:47:00,False
PSA SUSTAINABILITY,9V2422  ,9182631,SG,,CS,19131,563750000,1.25617190992,103.648626375,2.72656,5.28886,5.40703,309.482,5.04400153826,288.995,2023-07-13 08:47:08,False
PSA SUSTAINABILITY,9V2422  ,9182631,SG,,CS,19131,563750000,1.2562597128,103.648482411,2.72656,5.2919,5.37561,307.838,5.00909495322,286.996,2023-07-13 08:47:18,False
PSA SUSTAINABILITY,9V2422  ,9182631,SG,,CS,19131,563750000,1.25641870773,103.648199346,2.67511,5.18369,5.33896,305.538,4.93928178314,282.997,2023-07-13 08:47:28,False
PSA SUSTAINABILITY,9V2422  ,9182631,SG,,CS,19131,563750000,1.25649444327,103.648055489,2.62367,5.18107,5.30406,303.988,4.9043751981,280.997,2023-07-13 08:47:38,False
PSA SUSTAINABILITY,9V2422  ,9182631,SG,,CS,19131,563750000,1.25663281352,103.647751349,2.62367,5.08385,5.30406,301.076,4.9043751981,276.998,2023-07-13 08:47:48,False
PSA SUSTAINABILITY,9V2422  ,9182631,SG,,CS,19131,563750000,1.25669055066,103.647599683,2.57222,5.02227,5.2325,299.442,4.8171087355,275.999,2023-07-13 08:48:00,False
PSA SUSTAINABILITY,9V2422  ,9182631,SG,,CS,19131,563750000,1.25675281073,103.647434364,2.57222,5.02656,5.20806,298.151,4.79965544298,274.999,2023-07-13 08:48:08,False
PSA SUSTAINABILITY,9V2422  ,9182631,SG,,CS,19131,563750000,1.25679331648,103.647173052,2.46933,4.83173,5.12429,293.471,4.74729556542,272.0,2023-07-13 08:48:18,False
PSA SUSTAINABILITY,9V2422  ,9182631,SG,,CS,19131,563750000,1.25682407722,103.647019651,2.41789,4.80806,5.07018,291.586,4.7298422729,271.0,2023-07-13 08:48:28,False
PSA SUSTAINABILITY,9V2422  ,9182631,SG,,CS,19131,563750000,1.2568743435,103.646708515,2.36644,4.61064,5.02306,287.671,4.71238898038,270.0,2023-07-13 08:48:38,False
PSA SUSTAINABILITY,9V2422  ,9182631,SG,,CS,19131,563750000,1.25686967178,103.646570245,2.36644,4.60166,4.97244,284.682,4.71238898038,270.0,2023-07-13 08:48:48,False
PSA SUSTAINABILITY,9V2422  ,9182631,SG,,CS,19131,563750000,1.25689221836,103.646267377,2.315,4.52565,4.90787,280.393,4.71238898038,270.0,2023-07-13 08:49:00,False
PSA SUSTAINABILITY,9V2422  ,9182631,SG,,CS,19131,563750000,1.25689811394,103.646104554,2.315,4.48994,4.88692,279.218,4.71238898038,270.0,2023-07-13 08:49:08,False
PSA SUSTAINABILITY,9V2422  ,9182631,SG,,CS,19131,563750000,1.25692129576,103.645962684,2.315,4.47076,4.8398,279.258,4.71238898038,270.0,2023-07-13 08:49:18,False
PSA SUSTAINABILITY,9V2422  ,9182631,SG,,CS,19131,563750000,1.25690594901,103.645673297,2.315,4.45446,4.82234,275.76,4.71238898038,270.0,2023-07-13 08:49:28,False
PSA SUSTAINABILITY,9V2422  ,9182631,SG,,CS,19131,563750000,1.25690777486,103.645504069,2.315,4.46365,4.79966,274.246,4.71238898038,270.0,2023-07-13 08:49:38,False
PSA SUSTAINABILITY,9V2422  ,9182631,SG,,CS,19131,563750000,1.25692001853,103.645360392,2.315,4.46513,4.79966,274.494,4.71238898038,270.0,2023-07-13 08:49:48,False
PSA SUSTAINABILITY,9V2422  ,9182631,SG,,CS,19131,563750000,1.25692525528,103.645075321,2.315,4.47798,4.77871,273.235,4.71238898038,270.0,2023-07-13 08:50:00,False
PSA SUSTAINABILITY,9V2422  ,9182631,SG,,CS,19131,563750000,1.256928688,103.644942314,2.315,4.47912,4.7822,273.483,4.71238898038,270.0,2023-07-13 08:50:08,False
PSA SUSTAINABILITY,9V2422  ,9182631,SG,,CS,19131,563750000,1.25693928217,103.644796514,2.315,4.48034,4.7822,273.731,4.71238898038,270.0,2023-07-13 08:50:18,False
PSA SUSTAINABILITY,9V2422  ,9182631,SG,,CS,19131,563750000,1.25694831058,103.6444652,2.315,4.49449,4.76126,272.479,4.71238898038,270.0,2023-07-13 08:50:28,False
PSA SUSTAINABILITY,9V2422  ,9182631,SG,,CS,19131,563750000,1.25696277008,103.64426905,2.315,4.51391,4.76126,272.468,4.71238898038,270.0,2023-07-13 08:50:38,False
PSA SUSTAINABILITY,9V2422  ,9182631,SG,,CS,19131,563750000,1.25696094212,103.643979171,2.315,4.51479,4.76126,272.715,4.71238898038,270.0,2023-07-13 08:50:48,False
PSA SUSTAINABILITY,9V2422  ,9182631,SG,,CS,19131,563750000,1.25696841757,103.643833529,2.315,4.51479,4.76126,272.715,4.71238898038,270.0,2023-07-13 08:51:00,False
PSA SUSTAINABILITY,9V2422  ,9182631,SG,,CS,19131,563750000,1.25698239014,103.643664563,2.315,4.51479,4.76126,272.715,4.71238898038,270.0,2023-07-13 08:51:08,False
PSA SUSTAINABILITY,9V2422  ,9182631,SG,,CS,19131,563750000,1.25697246465,103.643416925,2.315,4.49234,4.74206,271.736,4.7298422729,271.0,2023-07-13 08:51:18,False
PSA SUSTAINABILITY,9V2422  ,9182631,SG,,CS,19131,563750000,1.25697715712,103.643272705,2.315,4.49234,4.74206,271.736,4.7298422729,271.0,2023-07-13 08:51:28,False
PSA SUSTAINABILITY,9V2422  ,9182631,SG,,CS,19131,563750000,1.2569876455,103.643144419,2.315,4.49234,4.74206,271.736,4.7298422729,271.0,2023-07-13 08:51:38,False
PSA SUSTAINABILITY,9V2422  ,9182631,SG,,CS,19131,563750000,1.25699818924,103.642810806,2.36644,4.59011,4.7438,271.941,4.7298422729,271.0,2023-07-13 08:51:48,False
PSA SUSTAINABILITY,9V2422  ,9182631,SG,,CS,19131,563750000,1.25701526189,103.642493057,2.36644,4.5934,4.763,272.911,4.7298422729,271.0,2023-07-13 08:52:00,False
PSA SUSTAINABILITY,9V2422  ,9182631,SG,,CS,19131,563750000,1.25702206239,103.642343045,2.36644,4.61187,4.763,272.657,4.7298422729,271.0,2023-07-13 08:52:08,False
PSA SUSTAINABILITY,9V2422  ,9182631,SG,,CS,19131,563750000,1.25703345196,103.642164655,2.36644,4.61187,4.76126,272.657,4.71238898038,270.0,2023-07-13 08:52:18,False
PSA SUSTAINABILITY,9V2422  ,9182631,SG,,CS,19131,563750000,1.25704731605,103.641869615,2.36644,4.59245,4.76126,272.669,4.71238898038,270.0,2023-07-13 08:52:28,False
PSA SUSTAINABILITY,9V2422  ,9182631,SG,,CS,19131,563750000,1.25705250837,103.641723517,2.36644,4.57304,4.76126,272.68,4.71238898038,270.0,2023-07-13 08:52:38,False
PSA SUSTAINABILITY,9V2422  ,9182631,SG,,CS,19131,563750000,1.25705817065,103.641573575,2.36644,4.59245,4.76126,272.669,4.71238898038,270.0,2023-07-13 08:52:48,False
PSA SUSTAINABILITY,9V2422  ,9182631,SG,,CS,19131,563750000,1.25707602744,103.641234381,2.36644,4.59159,4.75951,272.426,4.71238898038,270.0,2023-07-13 08:53:00,False
PSA SUSTAINABILITY,9V2422  ,9182631,SG,,CS,19131,563750000,1.25707907481,103.641102884,2.36644,4.59159,4.75777,272.426,4.71238898038,270.0,2023-07-13 08:53:08,False
PSA SUSTAINABILITY,9V2422  ,9182631,SG,,CS,19131,563750000,1.25709512885,103.640764585,2.36644,4.59081,4.75428,272.184,4.71238898038,270.0,2023-07-13 08:53:18,False
PSA SUSTAINABILITY,9V2422  ,9182631,SG,,CS,19131,563750000,1.25709449069,103.640613117,2.36644,4.59081,4.75428,272.184,4.71238898038,270.0,2023-07-13 08:53:28,False
PSA SUSTAINABILITY,9V2422  ,9182631,SG,,CS,19131,563750000,1.25710119527,103.640466088,2.36644,4.57217,4.75428,272.437,4.71238898038,270.0,2023-07-13 08:53:38,False
PSA SUSTAINABILITY,9V2422  ,9182631,SG,,CS,19131,563750000,1.25711052342,103.640162344,2.41789,4.66851,4.75079,272.148,4.71238898038,270.0,2023-07-13 08:53:48,False
PSA SUSTAINABILITY,9V2422  ,9182631,SG,,CS,19131,563750000,1.25711524285,103.639985289,2.41789,4.64908,4.75079,272.157,4.71238898038,270.0,2023-07-13 08:54:00,False
PSA SUSTAINABILITY,9V2422  ,9182631,SG,,CS,19131,563750000,1.25712117774,103.639835698,2.41789,4.64908,4.75079,272.157,4.71238898038,270.0,2023-07-13 08:54:08,False
PSA SUSTAINABILITY,9V2422  ,9182631,SG,,CS,19131,563750000,1.25711778905,103.639568844,2.41789,4.76305,4.73333,270.935,4.71238898038,270.0,2023-07-13 08:54:18,False
PSA SUSTAINABILITY,9V2422  ,9182631,SG,,CS,19131,563750000,1.25711990535,103.63939221,2.46933,4.76305,4.73159,270.935,4.71238898038,270.0,2023-07-13 08:54:28,False
PSA SUSTAINABILITY,9V2422  ,9182631,SG,,CS,19131,563750000,1.25712682098,103.63908529,2.46933,4.78249,4.73159,270.932,4.71238898038,270.0,2023-07-13 08:54:39,False
PSA SUSTAINABILITY,9V2422  ,9182631,SG,,CS,19131,563750000,1.25712985029,103.638909604,2.46933,4.78249,4.73159,270.932,4.71238898038,270.0,2023-07-13 08:54:48,False
PSA SUSTAINABILITY,9V2422  ,9182631,SG,,CS,19131,563750000,1.25713341,103.638753696,2.46933,4.78249,4.73333,270.932,4.71238898038,270.0,2023-07-13 08:55:00,False
PSA SUSTAINABILITY,9V2422  ,9182631,SG,,CS,19131,563750000,1.25713488166,103.63842963,2.46933,4.85965,4.71588,270.229,4.71238898038,270.0,2023-07-13 08:55:08,False
PSA SUSTAINABILITY,9V2422  ,9182631,SG,,CS,19131,563750000,1.25714320124,103.638255909,2.46933,4.82265,4.73508,271.617,4.71238898038,270.0,2023-07-13 08:55:18,False
PSA SUSTAINABILITY,9V2422  ,9182631,SG,,CS,19131,563750000,1.2571475425,103.638100018,2.46933,4.78379,4.73508,271.63,4.71238898038,270.0,2023-07-13 08:55:28,False
PSA SUSTAINABILITY,9V2422  ,9182631,SG,,CS,19131,563750000,1.25715587662,103.637793888,2.41789,4.66587,4.7281,270.955,4.71238898038,270.0,2023-07-13 08:55:38,False
PSA SUSTAINABILITY,9V2422  ,9182631,SG,,CS,19131,563750000,1.25715870032,103.637642806,2.41789,4.66587,4.7281,270.955,4.71238898038,270.0,2023-07-13 08:55:48,False
PSA SUSTAINABILITY,9V2422  ,9182631,SG,,CS,19131,563750000,1.25716113905,103.637347503,2.36644,4.54963,4.73333,271.224,4.71238898038,270.0,2023-07-13 08:56:00,False
PSA SUSTAINABILITY,9V2422  ,9182631,SG,,CS,19131,563750000,1.25715807204,103.637210075,2.315,4.47152,4.73333,270.996,4.71238898038,270.0,2023-07-13 08:56:08,False
PSA SUSTAINABILITY,9V2422  ,9182631,SG,,CS,19131,563750000,1.25716004624,103.6370661,2.315,4.45208,4.73333,271.001,4.71238898038,270.0,2023-07-13 08:56:18,False
PSA SUSTAINABILITY,9V2422  ,9182631,SG,,CS,19131,563750000,1.25715744173,103.636820604,2.26356,4.37365,4.71588,270.0,4.71238898038,270.0,2023-07-13 08:56:28,False
PSA SUSTAINABILITY,9V2422  ,9182631,SG,,CS,19131,563750000,1.25715799702,103.636659448,2.26356,4.35421,4.71588,270.0,4.71238898038,270.0,2023-07-13 08:56:38,False
PSA SUSTAINABILITY,9V2422  ,9182631,SG,,CS,19131,563750000,1.25715746917,103.636496521,2.26356,4.2765,4.71588,270.26,4.71238898038,270.0,2023-07-13 08:56:48,False
PSA SUSTAINABILITY,9V2422  ,9182631,SG,,CS,19131,563750000,1.25716254167,103.636226331,2.16067,4.27646,4.72112,270.0,4.7298422729,271.0,2023-07-13 08:57:00,False
PSA SUSTAINABILITY,9V2422  ,9182631,SG,,CS,19131,563750000,1.25716666282,103.636120193,2.16067,4.19875,4.72112,270.265,4.7298422729,271.0,2023-07-13 08:57:08,False
PSA SUSTAINABILITY,9V2422  ,9182631,SG,,CS,19131,563750000,1.25718003967,103.635882276,2.10922,4.08374,4.7438,271.637,4.7298422729,271.0,2023-07-13 08:57:18,False
PSA SUSTAINABILITY,9V2422  ,9182631,SG,,CS,19131,563750000,1.25718689395,103.635719787,2.10922,3.96778,4.7438,271.965,4.7298422729,271.0,2023-07-13 08:57:28,False
PSA SUSTAINABILITY,9V2422  ,9182631,SG,,CS,19131,563750000,1.25719197251,103.635590641,2.05778,3.96778,4.74555,271.965,4.7298422729,271.0,2023-07-13 08:57:38,False
PSA SUSTAINABILITY,9V2422  ,9182631,SG,,CS,19131,563750000,1.25720310153,103.63535118,2.05778,3.98659,4.74555,271.676,4.7298422729,271.0,2023-07-13 08:57:48,False
PSA SUSTAINABILITY,9V2422  ,9182631,SG,,CS,19131,563750000,1.25721090689,103.635222666,2.05778,3.96778,4.74555,271.965,4.7298422729,271.0,2023-07-13 08:58:00,False
PSA SUSTAINABILITY,9V2422  ,9182631,SG,,CS,19131,563750000,1.25721677865,103.634927451,2.00633,3.88944,4.7438,271.718,4.71238898038,270.0,2023-07-13 08:58:08,False
PSA SUSTAINABILITY,9V2422  ,9182631,SG,,CS,19131,563750000,1.25722570406,103.63480701,2.00633,3.79229,4.7438,271.762,4.71238898038,270.0,2023-07-13 08:58:18,False
PSA SUSTAINABILITY,9V2422  ,9182631,SG,,CS,19131,563750000,1.2572298072,103.634684112,1.95489,3.79229,4.74555,271.762,4.71238898038,270.0,2023-07-13 08:58:28,False
PSA SUSTAINABILITY,9V2422  ,9182631,SG,,CS,19131,563750000,1.25725744295,103.634450616,1.90344,3.69949,4.77173,273.313,4.71238898038,270.0,2023-07-13 08:58:38,False
PSA SUSTAINABILITY,9V2422  ,9182631,SG,,CS,19131,563750000,1.25726561079,103.634314029,1.90344,3.69949,4.76998,273.313,4.71238898038,270.0,2023-07-13 08:58:48,False
PSA SUSTAINABILITY,9V2422  ,9182631,SG,,CS,19131,563750000,1.25728468035,103.634100172,1.90344,3.69842,4.76649,273.013,4.71238898038,270.0,2023-07-13 08:59:00,False
PSA SUSTAINABILITY,9V2422  ,9182631,SG,,CS,19131,563750000,1.25729088196,103.633962655,1.90344,3.69745,4.76126,272.712,4.71238898038,270.0,2023-07-13 08:59:08,False
PSA SUSTAINABILITY,9V2422  ,9182631,SG,,CS,19131,563750000,1.25729912509,103.63380264,1.90344,3.69658,4.75951,272.411,4.71238898038,270.0,2023-07-13 08:59:18,False
PSA SUSTAINABILITY,9V2422  ,9182631,SG,,CS,19131,563750000,1.2573106779,103.633563513,1.90344,3.69658,4.75951,272.411,4.71238898038,270.0,2023-07-13 08:59:29,False
PSA SUSTAINABILITY,9V2422  ,9182631,SG,,CS,19131,563750000,1.25731654317,103.633444019,1.95489,3.69745,4.75777,272.712,4.71238898038,270.0,2023-07-13 08:59:38,False
PSA SUSTAINABILITY,9V2422  ,9182631,SG,,CS,19131,563750000,1.25730989475,103.633320157,1.95489,3.79369,4.75777,272.349,4.71238898038,270.0,2023-07-13 08:59:48,False
PSA SUSTAINABILITY,9V2422  ,9182631,SG,,CS,19131,563750000,1.25731452475,103.633029803,1.95489,3.79369,4.73159,272.349,4.71238898038,270.0,2023-07-13 09:00:00,False
PSA SUSTAINABILITY,9V2422  ,9182631,SG,,CS,19131,563750000,1.2573074316,103.632894815,1.95489,3.79095,4.73159,270.881,4.71238898038,270.0,2023-07-13 09:00:08,False
PSA SUSTAINABILITY,9V2422  ,9182631,SG,,CS,19131,563750000,1.25729861225,103.63260634,2.00633,3.88769,4.71413,270.0,4.71238898038,270.0,2023-07-13 09:00:18,False
